1e-05  2.4465
1.25892541179e-05  2.74501814845
1.58489319246e-05  3.07996101995
1.99526231497e-05  3.45577310292
2.51188643151e-05  3.87744119536
3.16227766017e-05  4.35056057666
3.98107170553e-05  4.88140925357
5.01187233627e-05  5.47703126551
6.3095734448e-05  6.14533015469
7.94328234724e-05  6.89517384134
0.0001  7.7365122956
0.000125892541179  8.6805095676
0.000158489319246  9.73969192759
0.000199526231497  10.928114082
0.000251188643151  12.2615456707
0.000316227766017  13.7576805208
0.000398107170553  15.4363714327
0.000501187233627  17.319893615
0.00063095734448  19.4332402625
0.000794328234724  21.8044542014
0.001  24.465
0.00125892541179  27.2764749036
0.00158489319246  30.7671278302
0.00199526231497  34.5583872152
0.00251188643151  38.7694133955
0.00316227766017  43.4911209154
0.00398107170553  48.8137375974
0.00501187233627  54.7733047835
0.0063095734448  61.4547120526
0.00794328234724  68.9326285716
0.01  77.356
0.0125892541179  85.1915329758
0.0158489319246  93.4687495644
0.0199526231497  101.920063285
0.0251188643151  110.259259686
0.0316227766017  117.882675717
0.0398107170553  123.923946042
0.0501187233627  127.471071955
0.063095734448  127.648837737
0.0794328234724  124.164701483
0.1  117.525198578
0.125892541179  108.925843888
0.158489319246  99.6638815042
0.199526231497  90.587823238
0.251188643151  82.0806287576
0.316227766017  74.1691083536
0.398107170553  66.7630466723
0.501187233627  58.1219978014
0.63095734448  49.0932846185
0.794328234724  41.1882018969
1  34.2507245015
1.25892541179  28.5547338008
1.58489319246  23.8250863342
1.99526231497  19.8586396995
2.51188643151  16.5938116066
3.16227766017  13.8041818675
3.98107170553  11.4846911871
5.01187233627  9.5357688609
6.3095734448  7.90742587097
7.94328234724  6.55966322134
10  5.43247747045
12.5892541179  4.4977888852
15.8489319246  3.67646102465
19.9526231497  3.04169779545
25.1188643151  2.53405572348
31.6227766017  2.10580319233
39.8107170553  1.74907717333
50.1187233627  1.45401521119
63.095734448  1.21078940894
79.4328234724  1.01127013229
100  0.848148865948
125.892541179  0.715193374161
158.489319246  0.607192199263
199.526231497  0.519794414578
251.188643151  0.449391324766
316.227766017  0.393001953083
398.107170553  0.34817067138
501.187233627  0.312873012072
630.95734448  0.28543377315
794.328234724  0.264452659559
1000  0.249358129268
1258.92541179  0.238563974556
1584.89319246  0.231188017855
1995.26231497  0.226562630938
2511.88643151  0.224101919569
3162.27766017  0.223295405478
3981.07170553  0.223705089481
5011.87233627  0.22496356408
6309.5734448  0.226771244373
7943.28234724  0.228891658755
10000  0.231144733623
12589.2541179  0.233398693378
15848.9319246  0.235561472492
19952.6231497  0.237572465117
25118.8643151  0.239395181712
31622.7766017  0.241011091903
39810.7170553  0.242414698195
50118.7233627  0.243609735967
63095.734448  0.244606323333
79432.8234724  0.24541886727
100000  0.246064546457
125892.541179  0.246562219152
158489.319246  0.24693163498
199526.231497  0.247192856992
251188.643151  0.247365821951
316227.766017  0.247469981344
398107.170553  0.24752397086
501187.233627  0.247545244709
630957.34448  0.247549546378
794328.234724  0.247549423283
1000000  0.247549284115
1258925.41179  0.247549195741
1584893.19246  0.247549139548
1995262.31497  0.247549103757
2511886.43151  0.247549080913
3162277.66017  0.247549066293
3981071.70553  0.247549056906
5011872.33627  0.247549050855
6309573.4448  0.247549046934
7943282.34724  0.24754904438
10000000  0.247549042704
