1e-05  2.49334
1.00554e-05  2.50024
1.01112e-05  2.50716
1.01672e-05  2.51409
1.02236e-05  2.52105
1.02802e-05  2.52803
1.03372e-05  2.53503
1.03945e-05  2.54204
1.04521e-05  2.54908
1.051e-05  2.55613
1.05683e-05  2.5632
1.06269e-05  2.5703
1.06858e-05  2.57741
1.0745e-05  2.58454
1.08046e-05  2.5917
1.08644e-05  2.59887
1.09247e-05  2.60606
1.09852e-05  2.61327
1.10461e-05  2.62051
1.11073e-05  2.62776
1.11689e-05  2.63503
1.12308e-05  2.64232
1.1293e-05  2.64964
1.13556e-05  2.65697
1.14186e-05  2.66432
1.14819e-05  2.67169
1.15455e-05  2.67909
1.16095e-05  2.6865
1.16738e-05  2.69394
1.17385e-05  2.70139
1.18036e-05  2.70887
1.1869e-05  2.71637
1.19348e-05  2.72388
1.2001e-05  2.73142
1.20675e-05  2.73898
1.21344e-05  2.74656
1.22016e-05  2.75416
1.22692e-05  2.76178
1.23372e-05  2.76943
1.24056e-05  2.77709
1.24744e-05  2.78478
1.25435e-05  2.79248
1.26131e-05  2.80021
1.2683e-05  2.80796
1.27533e-05  2.81573
1.28239e-05  2.82352
1.2895e-05  2.83134
1.29665e-05  2.83917
1.30384e-05  2.84703
1.31106e-05  2.85491
1.31833e-05  2.86281
1.32564e-05  2.87073
1.33298e-05  2.87868
1.34037e-05  2.88665
1.3478e-05  2.89463
1.35527e-05  2.90265
1.36278e-05  2.91068
1.37034e-05  2.91873
1.37793e-05  2.92681
1.38557e-05  2.93491
1.39325e-05  2.94303
1.40097e-05  2.95118
1.40874e-05  2.95935
1.41654e-05  2.96754
1.4244e-05  2.97575
1.43229e-05  2.98398
1.44023e-05  2.99224
1.44821e-05  3.00052
1.45624e-05  3.00883
1.46431e-05  3.01715
1.47243e-05  3.0255
1.48059e-05  3.03388
1.48879e-05  3.04227
1.49705e-05  3.05069
1.50534e-05  3.05913
1.51369e-05  3.0676
1.52208e-05  3.07609
1.53051e-05  3.0846
1.539e-05  3.09314
1.54753e-05  3.1017
1.5561e-05  3.11028
1.56473e-05  3.11889
1.5734e-05  3.12752
1.58212e-05  3.13618
1.59089e-05  3.14486
1.59971e-05  3.15356
1.60857e-05  3.16229
1.61749e-05  3.17104
1.62646e-05  3.17982
1.63547e-05  3.18862
1.64454e-05  3.19744
1.65365e-05  3.20629
1.66282e-05  3.21516
1.67203e-05  3.22406
1.6813e-05  3.23298
1.69062e-05  3.24193
1.69999e-05  3.2509
1.70941e-05  3.2599
1.71889e-05  3.26892
1.72841e-05  3.27797
1.73799e-05  3.28704
1.74763e-05  3.29614
1.75731e-05  3.30526
1.76705e-05  3.3144
1.77685e-05  3.32358
1.78669e-05  3.33278
1.7966e-05  3.342
1.80656e-05  3.35125
1.81657e-05  3.36052
1.82664e-05  3.36982
1.83676e-05  3.37915
1.84694e-05  3.3885
1.85718e-05  3.39788
1.86747e-05  3.40728
1.87782e-05  3.41671
1.88823e-05  3.42617
1.8987e-05  3.43565
1.90922e-05  3.44516
1.9198e-05  3.45469
1.93044e-05  3.46425
1.94114e-05  3.47384
1.9519e-05  3.48345
1.96272e-05  3.49309
1.9736e-05  3.50276
1.98454e-05  3.51245
1.99554e-05  3.52217
2.0066e-05  3.53192
2.01772e-05  3.5417
2.0289e-05  3.5515
2.04015e-05  3.56133
2.05146e-05  3.57118
2.06283e-05  3.58107
2.07426e-05  3.59098
2.08576e-05  3.60091
2.09732e-05  3.61088
2.10894e-05  3.62087
2.12063e-05  3.63089
2.13239e-05  3.64094
2.1442e-05  3.65102
2.15609e-05  3.66112
2.16804e-05  3.67125
2.18006e-05  3.68141
2.19214e-05  3.6916
2.20429e-05  3.70182
2.21651e-05  3.71206
2.22879e-05  3.72234
2.24115e-05  3.73264
2.25357e-05  3.74297
2.26606e-05  3.75333
2.27862e-05  3.76371
2.29125e-05  3.77413
2.30395e-05  3.78457
2.31672e-05  3.79505
2.32956e-05  3.80555
2.34247e-05  3.81608
2.35545e-05  3.82664
2.36851e-05  3.83723
2.38164e-05  3.84785
2.39484e-05  3.8585
2.40811e-05  3.86918
2.42146e-05  3.87989
2.43488e-05  3.89063
2.44837e-05  3.90139
2.46194e-05  3.91219
2.47559e-05  3.92302
2.48931e-05  3.93387
2.50311e-05  3.94476
2.51698e-05  3.95568
2.53093e-05  3.96663
2.54496e-05  3.9776
2.55907e-05  3.98861
2.57325e-05  3.99965
2.58751e-05  4.01072
2.60185e-05  4.02182
2.61628e-05  4.03295
2.63078e-05  4.04411
2.64536e-05  4.0553
2.66002e-05  4.06652
2.67476e-05  4.07778
2.68959e-05  4.08906
2.7045e-05  4.10038
2.71949e-05  4.11173
2.73456e-05  4.12311
2.74972e-05  4.13452
2.76496e-05  4.14596
2.78028e-05  4.15743
2.79569e-05  4.16894
2.81119e-05  4.18048
2.82677e-05  4.19205
2.84244e-05  4.20365
2.85819e-05  4.21528
2.87403e-05  4.22695
2.88996e-05  4.23864
2.90598e-05  4.25037
2.92209e-05  4.26214
2.93828e-05  4.27393
2.95457e-05  4.28576
2.97094e-05  4.29762
2.98741e-05  4.30951
3.00397e-05  4.32144
3.02062e-05  4.3334
3.03736e-05  4.34539
3.0542e-05  4.35742
3.07112e-05  4.36948
3.08815e-05  4.38157
3.10526e-05  4.3937
3.12247e-05  4.40586
3.13978e-05  4.41805
3.15718e-05  4.43028
3.17468e-05  4.44254
3.19228e-05  4.45483
3.20997e-05  4.46716
3.22776e-05  4.47952
3.24565e-05  4.49192
3.26364e-05  4.50435
3.28173e-05  4.51682
3.29992e-05  4.52932
3.31821e-05  4.54185
3.3366e-05  4.55442
3.3551e-05  4.56703
3.37369e-05  4.57966
3.39239e-05  4.59234
3.4112e-05  4.60505
3.4301e-05  4.61779
3.44911e-05  4.63057
3.46823e-05  4.64339
3.48745e-05  4.65624
3.50678e-05  4.66912
3.52622e-05  4.68204
3.54576e-05  4.695
3.56542e-05  4.708
3.58518e-05  4.72102
3.60505e-05  4.73409
3.62503e-05  4.74719
3.64512e-05  4.76033
3.66533e-05  4.7735
3.68564e-05  4.78671
3.70607e-05  4.79996
3.72661e-05  4.81324
3.74727e-05  4.82657
3.76804e-05  4.83992
3.78892e-05  4.85332
3.80992e-05  4.86675
3.83104e-05  4.88022
3.85227e-05  4.89372
3.87363e-05  4.90727
3.8951e-05  4.92085
3.91668e-05  4.93447
3.93839e-05  4.94812
3.96022e-05  4.96182
3.98217e-05  4.97555
4.00424e-05  4.98932
4.02644e-05  5.00312
4.04875e-05  5.01697
4.0712e-05  5.03086
4.09376e-05  5.04478
4.11645e-05  5.05874
4.13927e-05  5.07274
4.16221e-05  5.08678
4.18528e-05  5.10086
4.20848e-05  5.11497
4.2318e-05  5.12913
4.25526e-05  5.14332
4.27884e-05  5.15756
4.30256e-05  5.17183
4.32641e-05  5.18614
4.35039e-05  5.20049
4.3745e-05  5.21489
4.39874e-05  5.22932
4.42312e-05  5.24379
4.44764e-05  5.2583
4.47229e-05  5.27286
4.49708e-05  5.28745
4.52201e-05  5.30208
4.54707e-05  5.31675
4.57227e-05  5.33147
4.59761e-05  5.34622
4.6231e-05  5.36102
4.64872e-05  5.37586
4.67449e-05  5.39073
4.7004e-05  5.40565
4.72645e-05  5.42061
4.75265e-05  5.43561
4.77899e-05  5.45066
4.80548e-05  5.46574
4.83211e-05  5.48087
4.85889e-05  5.49603
4.88582e-05  5.51125
4.9129e-05  5.5265
4.94013e-05  5.54179
4.96752e-05  5.55713
4.99505e-05  5.57251
5.02273e-05  5.58793
5.05057e-05  5.60339
5.07857e-05  5.6189
5.10672e-05  5.63445
5.13502e-05  5.65004
5.16348e-05  5.66568
5.1921e-05  5.68136
5.22088e-05  5.69708
5.24982e-05  5.71285
5.27891e-05  5.72866
5.30817e-05  5.74451
5.33759e-05  5.76041
5.36718e-05  5.77635
5.39693e-05  5.79234
5.42684e-05  5.80837
5.45692e-05  5.82444
5.48716e-05  5.84056
5.51758e-05  5.85673
5.54816e-05  5.87294
5.57891e-05  5.88919
5.60983e-05  5.90549
5.64092e-05  5.92183
5.67219e-05  5.93822
5.70363e-05  5.95465
5.73524e-05  5.97113
5.76703e-05  5.98766
5.79899e-05  6.00423
5.83114e-05  6.02084
5.86346e-05  6.03751
5.89595e-05  6.05422
5.92863e-05  6.07097
5.96149e-05  6.08777
5.99454e-05  6.10462
6.02776e-05  6.12151
6.06117e-05  6.13846
6.09477e-05  6.15544
6.12855e-05  6.17248
6.16251e-05  6.18956
6.19667e-05  6.20669
6.23102e-05  6.22387
6.26555e-05  6.24109
6.30028e-05  6.25836
6.3352e-05  6.27568
6.37031e-05  6.29305
6.40562e-05  6.31047
6.44113e-05  6.32793
6.47683e-05  6.34544
6.51273e-05  6.363
6.54882e-05  6.38061
6.58512e-05  6.39827
6.62162e-05  6.41598
6.65832e-05  6.43373
6.69522e-05  6.45154
6.73233e-05  6.46939
6.76965e-05  6.4873
6.80717e-05  6.50525
6.8449e-05  6.52326
6.88284e-05  6.54131
6.92099e-05  6.55941
6.95935e-05  6.57756
6.99792e-05  6.59577
7.03671e-05  6.61402
7.07571e-05  6.63233
7.11493e-05  6.65068
7.15436e-05  6.66909
7.19402e-05  6.68754
7.23389e-05  6.70605
7.27398e-05  6.72461
7.3143e-05  6.74322
7.35484e-05  6.76188
7.39561e-05  6.78059
7.4366e-05  6.79936
7.47782e-05  6.81818
7.51926e-05  6.83705
7.56094e-05  6.85597
7.60285e-05  6.87494
7.64499e-05  6.89397
7.68736e-05  6.91305
7.72997e-05  6.93218
7.77281e-05  6.95136
7.81589e-05  6.9706
7.85921e-05  6.98989
7.90277e-05  7.00923
7.94658e-05  7.02863
7.99062e-05  7.04808
8.03491e-05  7.06759
8.07944e-05  7.08715
8.12423e-05  7.10676
8.16925e-05  7.12643
8.21453e-05  7.14615
8.26006e-05  7.16593
8.30585e-05  7.18576
8.35188e-05  7.20565
8.39817e-05  7.22559
8.44472e-05  7.24559
8.49153e-05  7.26564
8.53859e-05  7.28575
8.58592e-05  7.30591
8.63351e-05  7.32613
8.68136e-05  7.3464
8.72948e-05  7.36673
8.77786e-05  7.38712
8.82651e-05  7.40756
8.87543e-05  7.42806
8.92463e-05  7.44862
8.97409e-05  7.46924
9.02383e-05  7.48991
9.07385e-05  7.51063
9.12414e-05  7.53142
9.17471e-05  7.55226
9.22557e-05  7.57316
9.2767e-05  7.59412
9.32812e-05  7.61514
9.37982e-05  7.63621
9.43181e-05  7.65735
9.48408e-05  7.67854
9.53665e-05  7.69979
9.58951e-05  7.7211
9.64266e-05  7.74246
9.69611e-05  7.76389
9.74985e-05  7.78538
9.80389e-05  7.80692
9.85823e-05  7.82853
9.91287e-05  7.8502
9.96781e-05  7.87192
0.000100231  7.89371
0.000100786  7.91555
0.000101345  7.93746
0.000101906  7.95942
0.000102471  7.98145
0.000103039  8.00354
0.00010361  8.02569
0.000104185  8.0479
0.000104762  8.07017
0.000105343  8.09251
0.000105927  8.1149
0.000106514  8.13736
0.000107104  8.15988
0.000107698  8.18246
0.000108295  8.20511
0.000108895  8.22782
0.000109498  8.25059
0.000110105  8.27342
0.000110716  8.29632
0.000111329  8.31928
0.000111946  8.3423
0.000112567  8.36539
0.000113191  8.38854
0.000113818  8.41175
0.000114449  8.43503
0.000115083  8.45837
0.000115721  8.48178
0.000116363  8.50526
0.000117007  8.52879
0.000117656  8.5524
0.000118308  8.57607
0.000118964  8.5998
0.000119623  8.6236
0.000120286  8.64747
0.000120953  8.6714
0.000121623  8.6954
0.000122297  8.71946
0.000122975  8.74359
0.000123657  8.76779
0.000124342  8.79205
0.000125031  8.81638
0.000125724  8.84078
0.000126421  8.86525
0.000127122  8.88978
0.000127827  8.91439
0.000128535  8.93906
0.000129248  8.9638
0.000129964  8.9886
0.000130684  9.01348
0.000131409  9.03842
0.000132137  9.06344
0.000132869  9.08852
0.000133606  9.11367
0.000134346  9.13889
0.000135091  9.16419
0.00013584  9.18955
0.000136593  9.21498
0.00013735  9.24048
0.000138111  9.26605
0.000138876  9.2917
0.000139646  9.31741
0.00014042  9.3432
0.000141198  9.36906
0.000141981  9.39498
0.000142768  9.42098
0.000143559  9.44706
0.000144355  9.4732
0.000145155  9.49942
0.00014596  9.52571
0.000146769  9.55207
0.000147582  9.57851
0.0001484  9.60501
0.000149223  9.6316
0.00015005  9.65825
0.000150881  9.68498
0.000151718  9.71178
0.000152559  9.73866
0.000153404  9.76561
0.000154254  9.79264
0.000155109  9.81974
0.000155969  9.84691
0.000156834  9.87416
0.000157703  9.90149
0.000158577  9.92889
0.000159456  9.95637
0.00016034  9.98393
0.000161228  10.0116
0.000162122  10.0393
0.000163021  10.067
0.000163924  10.0949
0.000164833  10.1228
0.000165746  10.1509
0.000166665  10.179
0.000167589  10.2071
0.000168518  10.2354
0.000169452  10.2637
0.000170391  10.2921
0.000171335  10.3206
0.000172285  10.3491
0.00017324  10.3778
0.0001742  10.4065
0.000175166  10.4353
0.000176136  10.4642
0.000177113  10.4931
0.000178094  10.5222
0.000179081  10.5513
0.000180074  10.5805
0.000181072  10.6098
0.000182076  10.6391
0.000183085  10.6686
0.0001841  10.6981
0.00018512  10.7277
0.000186146  10.7574
0.000187178  10.7872
0.000188215  10.817
0.000189259  10.847
0.000190307  10.877
0.000191362  10.9071
0.000192423  10.9373
0.000193489  10.9675
0.000194562  10.9979
0.00019564  11.0283
0.000196725  11.0589
0.000197815  11.0895
0.000198911  11.1202
0.000200014  11.1509
0.000201123  11.1818
0.000202237  11.2127
0.000203358  11.2438
0.000204485  11.2749
0.000205619  11.3061
0.000206758  11.3374
0.000207904  11.3687
0.000209057  11.4002
0.000210215  11.4318
0.000211381  11.4634
0.000212552  11.4951
0.00021373  11.5269
0.000214915  11.5588
0.000216106  11.5908
0.000217304  11.6229
0.000218508  11.6551
0.000219719  11.6873
0.000220937  11.7197
0.000222162  11.7521
0.000223393  11.7846
0.000224631  11.8172
0.000225876  11.8499
0.000227128  11.8827
0.000228387  11.9156
0.000229653  11.9486
0.000230926  11.9817
0.000232206  12.0148
0.000233493  12.0481
0.000234787  12.0814
0.000236088  12.1149
0.000237397  12.1484
0.000238713  12.182
0.000240036  12.2157
0.000241366  12.2495
0.000242704  12.2834
0.000244049  12.3174
0.000245402  12.3515
0.000246762  12.3857
0.00024813  12.42
0.000249505  12.4543
0.000250888  12.4888
0.000252279  12.5234
0.000253677  12.558
0.000255083  12.5928
0.000256497  12.6276
0.000257918  12.6626
0.000259348  12.6976
0.000260785  12.7328
0.000262231  12.768
0.000263684  12.8033
0.000265146  12.8388
0.000266615  12.8743
0.000268093  12.9099
0.000269579  12.9457
0.000271073  12.9815
0.000272576  13.0174
0.000274086  13.0534
0.000275606  13.0896
0.000277133  13.1258
0.000278669  13.1621
0.000280214  13.1985
0.000281767  13.2351
0.000283329  13.2717
0.000284899  13.3084
0.000286478  13.3452
0.000288066  13.3822
0.000289663  13.4192
0.000291268  13.4563
0.000292882  13.4936
0.000294506  13.5309
0.000296138  13.5684
0.000297779  13.6059
0.00029943  13.6436
0.00030109  13.6813
0.000302758  13.7192
0.000304436  13.7572
0.000306124  13.7952
0.000307821  13.8334
0.000309527  13.8717
0.000311242  13.9101
0.000312967  13.9486
0.000314702  13.9872
0.000316446  14.0259
0.0003182  14.0647
0.000319964  14.1036
0.000321737  14.1427
0.000323521  14.1818
0.000325314  14.2211
0.000327117  14.2604
0.00032893  14.2999
0.000330753  14.3395
0.000332586  14.3791
0.00033443  14.4189
0.000336283  14.4588
0.000338147  14.4989
0.000340021  14.539
0.000341906  14.5792
0.000343801  14.6196
0.000345707  14.66
0.000347623  14.7006
0.00034955  14.7413
0.000351487  14.7821
0.000353435  14.823
0.000355394  14.864
0.000357364  14.9051
0.000359345  14.9464
0.000361336  14.9878
0.000363339  15.0292
0.000365353  15.0708
0.000367378  15.1125
0.000369414  15.1544
0.000371462  15.1963
0.000373521  15.2384
0.000375591  15.2805
0.000377673  15.3228
0.000379766  15.3652
0.000381871  15.4077
0.000383987  15.4504
0.000386116  15.4931
0.000388256  15.536
0.000390408  15.579
0.000392572  15.6221
0.000394747  15.6654
0.000396935  15.7087
0.000399135  15.7522
0.000401348  15.7958
0.000403572  15.8395
0.000405809  15.8833
0.000408058  15.9273
0.00041032  15.9714
0.000412594  16.0156
0.000414881  16.0599
0.000417181  16.1043
0.000419493  16.1489
0.000421818  16.1936
0.000424156  16.2384
0.000426507  16.2834
0.000428871  16.3284
0.000431248  16.3736
0.000433638  16.4189
0.000436042  16.4644
0.000438458  16.5099
0.000440889  16.5556
0.000443332  16.6014
0.000445789  16.6474
0.00044826  16.6934
0.000450745  16.7396
0.000453243  16.786
0.000455755  16.8324
0.000458281  16.879
0.000460821  16.9257
0.000463376  16.9726
0.000465944  17.0195
0.000468526  17.0666
0.000471123  17.1139
0.000473735  17.1612
0.00047636  17.2087
0.000479001  17.2563
0.000481656  17.3041
0.000484325  17.352
0.00048701  17.4
0.000489709  17.4482
0.000492423  17.4965
0.000495152  17.5449
0.000497897  17.5934
0.000500657  17.6421
0.000503432  17.6909
0.000506222  17.7399
0.000509028  17.789
0.000511849  17.8382
0.000514686  17.8876
0.000517539  17.9371
0.000520407  17.9867
0.000523292  18.0365
0.000526192  18.0864
0.000529108  18.1365
0.000532041  18.1867
0.00053499  18.237
0.000537955  18.2875
0.000540937  18.3381
0.000543935  18.3888
0.00054695  18.4397
0.000549981  18.4908
0.00055303  18.5419
0.000556095  18.5933
0.000559177  18.6447
0.000562277  18.6963
0.000565393  18.748
0.000568527  18.7999
0.000571678  18.852
0.000574847  18.9041
0.000578033  18.9565
0.000581236  19.0089
0.000584458  19.0615
0.000587697  19.1143
0.000590955  19.1672
0.00059423  19.2202
0.000597524  19.2734
0.000600836  19.3267
0.000604166  19.3802
0.000607515  19.4339
0.000610882  19.4876
0.000614268  19.5416
0.000617672  19.5957
0.000621096  19.6499
0.000624538  19.7043
0.000628  19.7588
0.000631481  19.8135
0.000634981  19.8683
0.0006385  19.9233
0.000642039  19.9784
0.000645598  20.0337
0.000649176  20.0892
0.000652774  20.1448
0.000656392  20.2005
0.00066003  20.2564
0.000663689  20.3125
0.000667367  20.3687
0.000671066  20.4251
0.000674786  20.4816
0.000678526  20.5383
0.000682287  20.5951
0.000686068  20.6521
0.000689871  20.7093
0.000693694  20.7666
0.000697539  20.824
0.000701406  20.8817
0.000705293  20.9395
0.000709202  20.9974
0.000713133  21.0555
0.000717086  21.1138
0.00072106  21.1722
0.000725057  21.2308
0.000729076  21.2896
0.000733117  21.3485
0.00073718  21.4076
0.000741266  21.4668
0.000745374  21.5262
0.000749506  21.5858
0.00075366  21.6455
0.000757837  21.7054
0.000762038  21.7655
0.000766261  21.8258
0.000770508  21.8862
0.000774779  21.9467
0.000779073  22.0075
0.000783391  22.0684
0.000787733  22.1294
0.0007921  22.1907
0.00079649  22.2521
0.000800904  22.3137
0.000805344  22.3754
0.000809807  22.4374
0.000814296  22.4995
0.000818809  22.5617
0.000823347  22.6242
0.000827911  22.6868
0.0008325  22.7496
0.000837114  22.8125
0.000841754  22.8756
0.000846419  22.939
0.000851111  23.0024
0.000855828  23.0661
0.000860571  23.1299
0.000865341  23.1939
0.000870138  23.2581
0.00087496  23.3225
0.00087981  23.387
0.000884686  23.4518
0.00088959  23.5167
0.000894521  23.5817
0.000899479  23.647
0.000904464  23.7125
0.000909477  23.7781
0.000914518  23.8439
0.000919587  23.9099
0.000924684  23.976
0.000929809  24.0424
0.000934962  24.1089
0.000940145  24.1756
0.000945355  24.2426
0.000950595  24.3096
0.000955864  24.3769
0.000961162  24.4444
0.000966489  24.512
0.000971846  24.5799
0.000977233  24.6479
0.000982649  24.7161
0.000988096  24.7845
0.000993572  24.8531
0.000999079  24.9219
0.00100462  24.9834
0.00101018  25.0437
0.00101578  25.1045
0.00102141  25.1657
0.00102708  25.2273
0.00103277  25.2892
0.00103849  25.3516
0.00104425  25.4144
0.00105004  25.4777
0.00105586  25.5413
0.00106171  25.6053
0.00106759  25.6698
0.00107351  25.7347
0.00107946  25.8
0.00108544  25.8658
0.00109146  25.932
0.00109751  25.9986
0.00110359  26.0656
0.00110971  26.1331
0.00111586  26.201
0.00112204  26.2693
0.00112826  26.3381
0.00113452  26.4074
0.00114081  26.4771
0.00114713  26.5472
0.00115349  26.6178
0.00115988  26.6888
0.00116631  26.7603
0.00117277  26.8322
0.00117927  26.9046
0.00118581  26.9775
0.00119238  27.0508
0.00119899  27.1246
0.00120564  27.1988
0.00121232  27.2736
0.00121904  27.3488
0.00122579  27.4244
0.00123259  27.5006
0.00123942  27.5772
0.00124629  27.6543
0.0012532  27.7318
0.00126014  27.8099
0.00126713  27.8884
0.00127415  27.9674
0.00128121  28.0469
0.00128831  28.1269
0.00129546  28.2074
0.00130264  28.2884
0.00130986  28.3698
0.00131712  28.4518
0.00132442  28.5342
0.00133176  28.6172
0.00133914  28.7006
0.00134656  28.7846
0.00135402  28.8691
0.00136153  28.954
0.00136908  29.0395
0.00137666  29.1254
0.00138429  29.2119
0.00139197  29.2989
0.00139968  29.3864
0.00140744  29.4744
0.00141524  29.5629
0.00142308  29.652
0.00143097  29.7415
0.0014389  29.8316
0.00144688  29.9221
0.0014549  30.0132
0.00146296  30.1048
0.00147107  30.197
0.00147922  30.2896
0.00148742  30.3828
0.00149567  30.4765
0.00150396  30.5638
0.00151229  30.644
0.00152068  30.7247
0.0015291  30.8058
0.00153758  30.8874
0.0015461  30.9694
0.00155467  31.0518
0.00156329  31.1347
0.00157195  31.218
0.00158066  31.3018
0.00158943  31.386
0.00159824  31.4706
0.00160709  31.5557
0.001616  31.6412
0.00162496  31.7271
0.00163396  31.8135
0.00164302  31.9003
0.00165213  31.9875
0.00166128  32.0752
0.00167049  32.1633
0.00167975  32.2518
0.00168906  32.3407
0.00169842  32.4301
0.00170784  32.5198
0.0017173  32.61
0.00172682  32.7007
0.00173639  32.7917
0.00174602  32.8831
0.00175569  32.975
0.00176543  33.0672
0.00177521  33.1599
0.00178505  33.2529
0.00179494  33.3464
0.00180489  33.4402
0.0018149  33.5344
0.00182496  33.629
0.00183507  33.724
0.00184524  33.8194
0.00185547  33.9151
0.00186575  34.0113
0.00187609  34.1077
0.00188649  34.2046
0.00189695  34.3018
0.00190746  34.3993
0.00191804  34.4972
0.00192867  34.5955
0.00193936  34.694
0.00195011  34.7929
0.00196091  34.8921
0.00197178  34.9917
0.00198271  35.0915
0.0019937  35.1917
0.00200475  35.2911
0.00201586  35.3894
0.00202704  35.488
0.00203827  35.5869
0.00204957  35.686
0.00206093  35.7855
0.00207235  35.8852
0.00208384  35.9852
0.00209539  36.0854
0.002107  36.186
0.00211868  36.2868
0.00213042  36.3879
0.00214223  36.4893
0.0021541  36.5909
0.00216604  36.6928
0.00217805  36.795
0.00219012  36.8975
0.00220226  37.0002
0.00221447  37.1033
0.00222674  37.2066
0.00223908  37.3101
0.00225149  37.414
0.00226397  37.5181
0.00227652  37.6225
0.00228914  37.7272
0.00230183  37.8321
0.00231458  37.9373
0.00232741  38.0428
0.00234031  38.1485
0.00235328  38.2546
0.00236633  38.3609
0.00237944  38.4674
0.00239263  38.5743
0.00240589  38.6814
0.00241923  38.7888
0.00243264  38.8964
0.00244612  39.0043
0.00245968  39.1125
0.00247331  39.221
0.00248702  39.3297
0.0025008  39.4387
0.00251466  39.5478
0.0025286  39.6572
0.00254262  39.7668
0.00255671  39.8767
0.00257088  39.9868
0.00258513  40.0973
0.00259946  40.208
0.00261387  40.319
0.00262835  40.4303
0.00264292  40.5419
0.00265757  40.6537
0.0026723  40.7659
0.00268711  40.8783
0.00270201  40.9911
0.00271698  41.1041
0.00273204  41.2174
0.00274718  41.3311
0.00276241  41.445
0.00277772  41.5592
0.00279312  41.6738
0.0028086  41.7886
0.00282417  41.9038
0.00283982  42.0193
0.00285556  42.1351
0.00287139  42.2513
0.0028873  42.3677
0.0029033  42.4846
0.0029194  42.6017
0.00293558  42.7192
0.00295185  42.837
0.00296821  42.9552
0.00298466  43.0737
0.0030012  43.1926
0.00301784  43.312
0.00303456  43.4316
0.00305138  43.5517
0.0030683  43.6721
0.0030853  43.7928
0.0031024  43.914
0.0031196  44.0355
0.00313689  44.1573
0.00315428  44.2796
0.00317176  44.4022
0.00318934  44.5251
0.00320702  44.6484
0.00322479  44.7721
0.00324267  44.8962
0.00326064  45.0206
0.00327871  45.1453
0.00329688  45.2705
0.00331516  45.396
0.00333353  45.5219
0.00335201  45.6481
0.00337059  45.7747
0.00338927  45.9016
0.00340805  46.029
0.00342694  46.1567
0.00344594  46.2847
0.00346504  46.4131
0.00348424  46.5419
0.00350355  46.6711
0.00352297  46.8006
0.0035425  46.9305
0.00356213  47.0607
0.00358188  47.1913
0.00360173  47.3223
0.00362169  47.4537
0.00364177  47.5854
0.00366195  47.7175
0.00368225  47.8499
0.00370266  47.9827
0.00372318  48.1159
0.00374382  48.2495
0.00376457  48.3834
0.00378543  48.5177
0.00380641  48.6523
0.00382751  48.7874
0.00384873  48.9228
0.00387006  49.0585
0.00389151  49.1947
0.00391308  49.3312
0.00393477  49.4681
0.00395658  49.6054
0.00397851  49.743
0.00400056  49.881
0.00402273  50.0191
0.00404503  50.1577
0.00406745  50.2966
0.00408999  50.4359
0.00411266  50.5755
0.00413546  50.7155
0.00415838  50.8559
0.00418142  50.9967
0.0042046  51.1379
0.00422791  51.2794
0.00425134  51.4214
0.0042749  51.5637
0.0042986  51.7064
0.00432242  51.8494
0.00434638  51.9929
0.00437047  52.1367
0.00439469  52.2809
0.00441905  52.4256
0.00444354  52.5706
0.00446817  52.716
0.00449294  52.8617
0.00451784  53.0079
0.00454288  53.1545
0.00456806  53.3014
0.00459338  53.4488
0.00461884  53.5966
0.00464444  53.7447
0.00467018  53.8933
0.00469607  54.0423
0.0047221  54.1916
0.00474827  54.3414
0.00477459  54.4916
0.00480105  54.6422
0.00482766  54.7932
0.00485442  54.9446
0.00488132  55.0965
0.00490838  55.2488
0.00493559  55.4015
0.00496294  55.5546
0.00499045  55.7081
0.00501811  55.8622
0.00504592  56.0167
0.00507389  56.1716
0.00510201  56.327
0.00513029  56.4828
0.00515873  56.639
0.00518732  56.7957
0.00521607  56.9528
0.00524498  57.1104
0.00527405  57.2684
0.00530328  57.4268
0.00533268  57.5856
0.00536224  57.7449
0.00539196  57.9046
0.00542184  58.0648
0.00545189  58.2254
0.00548211  58.3864
0.0055125  58.5479
0.00554305  58.7098
0.00557377  58.8721
0.00560467  59.0349
0.00563573  59.1981
0.00566697  59.3618
0.00569838  59.5259
0.00572996  59.6904
0.00576172  59.8554
0.00579365  60.0208
0.00582577  60.1866
0.00585806  60.3529
0.00589053  60.5197
0.00592317  60.6869
0.005956  60.8545
0.00598902  61.0226
0.00602221  61.1911
0.00605559  61.3601
0.00608915  61.5295
0.0061229  61.6994
0.00615684  61.8697
0.00619097  62.0405
0.00622528  62.2118
0.00625978  62.3835
0.00629448  62.5557
0.00632937  62.7284
0.00636445  62.9015
0.00639972  63.0752
0.0064352  63.2493
0.00647086  63.4239
0.00650673  63.599
0.00654279  63.7747
0.00657906  63.9508
0.00661552  64.1274
0.00665219  64.3046
0.00668906  64.4823
0.00672613  64.6605
0.00676341  64.8393
0.0068009  65.0185
0.0068386  65.1984
0.0068765  65.3788
0.00691461  65.5597
0.00695294  65.7412
0.00699148  65.9233
0.00703023  66.106
0.00706919  66.2893
0.00710838  66.4731
0.00714777  66.6575
0.00718739  66.8425
0.00722723  67.028
0.00726729  67.214
0.00730757  67.4006
0.00734807  67.5877
0.0073888  67.7753
0.00742975  67.9635
0.00747093  68.1521
0.00751234  68.3412
0.00755398  68.5309
0.00759585  68.721
0.00763795  68.9115
0.00768028  69.1025
0.00772285  69.294
0.00776565  69.4858
0.0078087  69.6781
0.00785198  69.8709
0.0078955  70.064
0.00793926  70.2575
0.00798326  70.4513
0.00802751  70.6455
0.008072  70.8401
0.00811674  71.0351
0.00816173  71.2305
0.00820697  71.4264
0.00825246  71.6227
0.0082982  71.8195
0.00834419  72.0169
0.00839044  72.2148
0.00843695  72.4133
0.00848371  72.6124
0.00853073  72.8122
0.00857801  73.0127
0.00862556  73.2139
0.00867337  73.4158
0.00872144  73.6186
0.00876978  73.8222
0.00881839  74.0267
0.00886726  74.2322
0.00891641  74.4385
0.00896583  74.6459
0.00901552  74.8544
0.00906549  75.0639
0.00911574  75.2744
0.00916627  75.4857
0.00921707  75.6978
0.00926816  75.9106
0.00931953  76.1239
0.00937118  76.3377
0.00942312  76.5517
0.00947535  76.766
0.00952787  76.9803
0.00958068  77.1946
0.00963378  77.4087
0.00968718  77.6224
0.00974087  77.8357
0.00979486  78.0484
0.00984915  78.2603
0.00990374  78.4713
0.00995863  78.6812
0.0100138  78.8898
0.0100693  79.0972
0.0101251  79.3033
0.0101813  79.508
0.0102377  79.7114
0.0102944  79.9135
0.0103515  80.1144
0.0104089  80.3141
0.0104666  80.5126
0.0105246  80.7099
0.0105829  80.9061
0.0106416  81.1012
0.0107005  81.2952
0.0107599  81.4882
0.0108195  81.6803
0.0108795  81.8714
0.0109398  82.0615
0.0110004  82.2509
0.0110614  82.4394
0.0111227  82.6272
0.0111843  82.8143
0.0112463  83.0007
0.0113086  83.1865
0.0113713  83.3718
0.0114344  83.5566
0.0114977  83.741
0.0115615  83.925
0.0116255  84.1087
0.01169  84.2923
0.0117548  84.4757
0.0118199  84.659
0.0118854  84.8423
0.0119513  85.0257
0.0120176  85.2093
0.0120842  85.3932
0.0121511  85.5774
0.0122185  85.7621
0.0122862  85.9473
0.0123543  86.1331
0.0124228  86.3197
0.0124916  86.5072
0.0125609  86.6943
0.0126305  86.8822
0.0127005  87.071
0.0127709  87.2607
0.0128417  87.4514
0.0129129  87.6429
0.0129844  87.8352
0.0130564  88.0284
0.0131288  88.2223
0.0132015  88.4171
0.0132747  88.6125
0.0133483  88.8088
0.0134223  89.0057
0.0134967  89.2033
0.0135715  89.4015
0.0136467  89.6003
0.0137223  89.7997
0.0137984  89.9997
0.0138749  90.2002
0.0139518  90.4012
0.0140291  90.6026
0.0141068  90.8044
0.014185  91.0066
0.0142637  91.2091
0.0143427  91.4119
0.0144222  91.615
0.0145021  91.8183
0.0145825  92.0217
0.0146634  92.2253
0.0147446  92.4289
0.0148263  92.6326
0.0149085  92.8362
0.0149912  93.0398
0.0150742  93.2433
0.0151578  93.4467
0.0152418  93.6499
0.0153263  93.8531
0.0154112  94.0561
0.0154967  94.259
0.0155825  94.4617
0.0156689  94.6644
0.0157558  94.8669
0.0158431  95.0694
0.0159309  95.2717
0.0160192  95.474
0.016108  95.6761
0.0161973  95.8782
0.016287  96.0802
0.0163773  96.2822
0.0164681  96.4841
0.0165594  96.6859
0.0166512  96.8877
0.0167434  97.0894
0.0168362  97.2911
0.0169296  97.4928
0.0170234  97.6945
0.0171178  97.8962
0.0172126  98.0979
0.017308  98.2997
0.017404  98.5015
0.0175004  98.7033
0.0175974  98.9052
0.017695  99.1072
0.017793  99.3093
0.0178917  99.5114
0.0179908  99.7135
0.0180905  99.9157
0.0181908  100.118
0.0182916  100.32
0.018393  100.523
0.018495  100.725
0.0185975  100.927
0.0187005  101.13
0.0188042  101.332
0.0189084  101.534
0.0190132  101.737
0.0191186  101.939
0.0192246  102.141
0.0193311  102.343
0.0194383  102.546
0.019546  102.748
0.0196544  102.95
0.0197633  103.152
0.0198728  103.354
0.019983  103.556
0.0200937  103.758
0.0202051  103.96
0.0203171  104.162
0.0204297  104.364
0.0205429  104.566
0.0206568  104.767
0.0207713  104.969
0.0208864  105.17
0.0210022  105.371
0.0211186  105.571
0.0212356  105.772
0.0213533  105.972
0.0214717  106.172
0.0215907  106.372
0.0217104  106.572
0.0218307  106.771
0.0219517  106.97
0.0220734  107.168
0.0221957  107.366
0.0223187  107.564
0.0224424  107.761
0.0225668  107.958
0.0226919  108.154
0.0228177  108.35
0.0229442  108.545
0.0230713  108.74
0.0231992  108.934
0.0233278  109.128
0.0234571  109.322
0.0235871  109.515
0.0237178  109.708
0.0238493  109.9
0.0239815  110.092
0.0241144  110.283
0.0242481  110.474
0.0243825  110.665
0.0245176  110.855
0.0246535  111.045
0.0247901  111.234
0.0249275  111.424
0.0250657  111.612
0.0252046  111.801
0.0253443  111.989
0.0254848  112.176
0.0256261  112.364
0.0257681  112.55
0.0259109  112.737
0.0260545  112.923
0.0261989  113.108
0.0263441  113.293
0.0264902  113.477
0.026637  113.661
0.0267846  113.844
0.0269331  114.026
0.0270824  114.208
0.0272325  114.389
0.0273834  114.569
0.0275352  114.749
0.0276878  114.928
0.0278413  115.106
0.0279956  115.283
0.0281507  115.46
0.0283068  115.635
0.0284637  115.81
0.0286214  115.984
0.0287801  116.158
0.0289396  116.33
0.0291  116.502
0.0292613  116.673
0.0294235  116.843
0.0295865  117.012
0.0297505  117.181
0.0299154  117.348
0.0300812  117.515
0.030248  117.681
0.0304156  117.847
0.0305842  118.011
0.0307537  118.175
0.0309242  118.338
0.0310956  118.499
0.0312679  118.66
0.0314412  118.82
0.0316155  118.98
0.0317907  119.138
0.0319669  119.295
0.0321441  119.451
0.0323223  119.607
0.0325014  119.761
0.0326816  119.914
0.0328627  120.066
0.0330449  120.218
0.033228  120.368
0.0334122  120.517
0.0335974  120.665
0.0337836  120.812
0.0339708  120.957
0.0341591  121.102
0.0343485  121.246
0.0345388  121.388
0.0347303  121.529
0.0349228  121.669
0.0351163  121.808
0.035311  121.945
0.0355067  122.081
0.0357035  122.215
0.0359014  122.349
0.0361004  122.481
0.0363004  122.611
0.0365016  122.741
0.036704  122.869
0.0369074  122.996
0.037112  123.122
0.0373177  123.246
0.0375245  123.369
0.0377325  123.491
0.0379416  123.612
0.0381519  123.731
0.0383634  123.848
0.038576  123.965
0.0387898  124.08
0.0390048  124.193
0.039221  124.306
0.0394384  124.417
0.039657  124.526
0.0398768  124.634
0.0400978  124.741
0.0403201  124.846
0.0405435  124.95
0.0407682  125.053
0.0409942  125.154
0.0412214  125.254
0.0414499  125.353
0.0416796  125.449
0.0419107  125.545
0.042143  125.639
0.0423765  125.731
0.0426114  125.822
0.0428476  125.911
0.0430851  125.999
0.0433239  126.086
0.043564  126.17
0.0438055  126.254
0.0440483  126.336
0.0442924  126.416
0.0445379  126.494
0.0447848  126.571
0.045033  126.647
0.0452826  126.721
0.0455336  126.793
0.0457859  126.864
0.0460397  126.933
0.0462949  127.001
0.0465515  127.067
0.0468095  127.131
0.047069  127.194
0.0473298  127.255
0.0475922  127.314
0.047856  127.372
0.0481212  127.428
0.0483879  127.483
0.0486561  127.535
0.0489258  127.587
0.049197  127.636
0.0494697  127.684
0.0497438  127.729
0.0500196  127.774
0.0502968  127.816
0.0505756  127.857
0.0508559  127.896
0.0511378  127.933
0.0514212  127.969
0.0517062  128.003
0.0519928  128.035
0.052281  128.065
0.0525707  128.093
0.0528621  128.12
0.0531551  128.145
0.0534497  128.168
0.053746  128.189
0.0540439  128.208
0.0543434  128.225
0.0546446  128.241
0.0549475  128.254
0.0552521  128.266
0.0555583  128.276
0.0558662  128.284
0.0561759  128.29
0.0564872  128.294
0.0568003  128.297
0.0571152  128.297
0.0574317  128.296
0.05775  128.293
0.0580701  128.289
0.058392  128.283
0.0587156  128.275
0.0590411  128.266
0.0593683  128.255
0.0596974  128.242
0.0600282  128.228
0.060361  128.213
0.0606955  128.196
0.0610319  128.178
0.0613702  128.158
0.0617104  128.136
0.0620524  128.113
0.0623963  128.088
0.0627422  128.062
0.0630899  128.034
0.0634396  128.004
0.0637912  127.972
0.0641448  127.939
0.0645003  127.904
0.0648578  127.867
0.0652173  127.828
0.0655788  127.787
0.0659423  127.744
0.0663078  127.7
0.0666753  127.654
0.0670448  127.606
0.0674164  127.556
0.0677901  127.504
0.0681658  127.452
0.0685436  127.397
0.0689236  127.341
0.0693056  127.284
0.0696897  127.225
0.070076  127.165
0.0704644  127.104
0.0708549  127.041
0.0712477  126.977
0.0716425  126.912
0.0720396  126.845
0.0724389  126.777
0.0728404  126.707
0.0732442  126.636
0.0736501  126.564
0.0740583  126.489
0.0744688  126.413
0.0748816  126.336
0.0752966  126.256
0.0757139  126.175
0.0761336  126.093
0.0765556  126.008
0.0769799  125.923
0.0774066  125.835
0.0778356  125.747
0.078267  125.657
0.0787008  125.565
0.079137  125.473
0.0795756  125.379
0.0800167  125.284
0.0804602  125.188
0.0809062  125.091
0.0813546  124.993
0.0818055  124.894
0.0822589  124.794
0.0827149  124.693
0.0831733  124.592
0.0836343  124.489
0.0840979  124.385
0.084564  124.28
0.0850327  124.174
0.085504  124.067
0.0859779  123.959
0.0864545  123.849
0.0869336  123.739
0.0874155  123.628
0.0879  123.515
0.0883872  123.402
0.0888771  123.287
0.0893697  123.17
0.089865  123.053
0.0903631  122.934
0.090864  122.813
0.0913676  122.692
0.091874  122.569
0.0923832  122.445
0.0928953  122.32
0.0934102  122.194
0.0939279  122.068
0.0944485  121.941
0.094972  121.813
0.0954984  121.684
0.0960277  121.556
0.0965599  121.426
0.0970951  121.296
0.0976333  121.166
0.0981744  121.034
0.0987186  120.902
0.0992657  120.77
0.0998159  120.636
0.100369  120.502
0.100925  120.366
0.101485  120.23
0.102047  120.093
0.102613  119.955
0.103182  119.817
0.103754  119.677
0.104329  119.537
0.104907  119.395
0.105488  119.254
0.106073  119.111
0.106661  118.967
0.107252  118.823
0.107847  118.678
0.108444  118.532
0.109045  118.385
0.10965  118.238
0.110258  118.09
0.110869  117.941
0.111483  117.792
0.112101  117.641
0.112722  117.491
0.113347  117.339
0.113975  117.187
0.114607  117.035
0.115242  116.881
0.115881  116.727
0.116523  116.573
0.117169  116.418
0.117819  116.263
0.118472  116.107
0.119128  115.95
0.119789  115.794
0.120453  115.636
0.12112  115.479
0.121792  115.32
0.122467  115.162
0.123145  115.003
0.123828  114.844
0.124514  114.685
0.125204  114.525
0.125898  114.366
0.126596  114.206
0.127298  114.045
0.128003  113.885
0.128713  113.724
0.129426  113.564
0.130144  113.402
0.130865  113.241
0.13159  113.08
0.13232  112.918
0.133053  112.756
0.133791  112.593
0.134532  112.431
0.135278  112.268
0.136028  112.105
0.136781  111.942
0.13754  111.778
0.138302  111.614
0.139068  111.45
0.139839  111.286
0.140614  111.121
0.141394  110.956
0.142177  110.791
0.142965  110.626
0.143758  110.46
0.144555  110.294
0.145356  110.127
0.146161  109.961
0.146972  109.794
0.147786  109.626
0.148605  109.459
0.149429  109.291
0.150257  109.122
0.15109  108.953
0.151927  108.784
0.15277  108.614
0.153616  108.445
0.154468  108.274
0.155324  108.104
0.156185  107.933
0.15705  107.762
0.157921  107.59
0.158796  107.419
0.159676  107.247
0.160561  107.075
0.161451  106.902
0.162346  106.73
0.163246  106.557
0.164151  106.384
0.165061  106.211
0.165976  106.037
0.166895  105.864
0.16782  105.69
0.168751  105.516
0.169686  105.342
0.170626  105.168
0.171572  104.994
0.172523  104.82
0.173479  104.646
0.174441  104.471
0.175408  104.297
0.17638  104.123
0.177358  103.948
0.178341  103.774
0.179329  103.599
0.180323  103.425
0.181322  103.25
0.182327  103.076
0.183338  102.901
0.184354  102.726
0.185376  102.551
0.186404  102.376
0.187437  102.201
0.188476  102.026
0.18952  101.851
0.190571  101.675
0.191627  101.499
0.192689  101.323
0.193757  101.147
0.194831  100.971
0.195911  100.795
0.196997  100.618
0.198089  100.441
0.199186  100.264
0.20029  100.086
0.201401  99.9084
0.202517  99.7303
0.203639  99.5519
0.204768  99.3732
0.205903  99.1943
0.207044  99.0152
0.208192  98.8358
0.209346  98.6562
0.210506  98.4764
0.211673  98.2964
0.212846  98.1162
0.214026  97.9359
0.215212  97.7555
0.216405  97.5749
0.217604  97.3942
0.21881  97.2134
0.220023  97.0326
0.221243  96.8517
0.222469  96.6707
0.223702  96.4897
0.224942  96.3088
0.226189  96.1278
0.227442  95.9468
0.228703  95.7659
0.229971  95.5849
0.231245  95.404
0.232527  95.223
0.233816  95.042
0.235112  94.861
0.236415  94.68
0.237725  94.4989
0.239043  94.3177
0.240368  94.1365
0.2417  93.9552
0.24304  93.7738
0.244387  93.5924
0.245741  93.4108
0.247103  93.2291
0.248473  93.0473
0.24985  92.8654
0.251235  92.6832
0.252627  92.501
0.254028  92.3186
0.255436  92.136
0.256851  91.9534
0.258275  91.7705
0.259707  91.5876
0.261146  91.4045
0.262593  91.2214
0.264049  91.0381
0.265512  90.8547
0.266984  90.6712
0.268464  90.4876
0.269952  90.304
0.271448  90.1202
0.272953  89.9364
0.274465  89.7525
0.275987  89.5686
0.277516  89.3845
0.279055  89.2004
0.280601  89.0162
0.282157  88.8319
0.28372  88.6474
0.285293  88.4627
0.286874  88.2779
0.288464  88.0929
0.290063  87.9077
0.291671  87.7222
0.293287  87.5365
0.294913  87.3505
0.296548  87.1641
0.298191  86.9775
0.299844  86.7905
0.301506  86.603
0.303177  86.4151
0.304857  86.2269
0.306547  86.0383
0.308246  85.8493
0.309955  85.66
0.311673  85.4703
0.3134  85.2803
0.315137  85.09
0.316884  84.8994
0.31864  84.7084
0.320406  84.5172
0.322182  84.3256
0.323968  84.1338
0.325764  83.9417
0.327569  83.7494
0.329385  83.5568
0.33121  83.364
0.333046  83.171
0.334892  82.9777
0.336748  82.7842
0.338615  82.5906
0.340492  82.3968
0.342379  82.2028
0.344277  82.0087
0.346185  81.8144
0.348103  81.62
0.350033  81.4255
0.351973  81.2312
0.353924  81.0367
0.355885  80.8422
0.357858  80.6476
0.359841  80.4528
0.361836  80.258
0.363841  80.0631
0.365858  79.8681
0.367886  79.673
0.369925  79.4778
0.371975  79.2825
0.374037  79.0871
0.37611  78.8915
0.378195  78.6959
0.380291  78.5002
0.382399  78.3044
0.384518  78.1084
0.38665  77.9124
0.388793  77.7162
0.390947  77.5199
0.393114  77.3235
0.395293  77.1269
0.397484  76.9303
0.399687  76.7334
0.401903  76.5364
0.40413  76.3392
0.40637  76.1418
0.408622  75.9444
0.410887  75.7468
0.413165  75.5492
0.415455  75.3515
0.417757  75.1537
0.420073  74.9559
0.422401  74.7581
0.424742  74.5602
0.427097  74.3624
0.429464  74.1645
0.431844  73.9667
0.434238  73.7689
0.436645  73.5712
0.439065  73.3736
0.441498  73.176
0.443945  72.9785
0.446406  72.7812
0.44888  72.584
0.451368  72.3869
0.45387  72.19
0.456386  71.9234
0.458915  71.6144
0.461459  71.3068
0.464016  71.0007
0.466588  70.6959
0.469174  70.3925
0.471775  70.0905
0.47439  69.7899
0.477019  69.4906
0.479663  69.1927
0.482322  68.8961
0.484995  68.6009
0.487683  68.3069
0.490386  68.0143
0.493104  67.723
0.495837  67.433
0.498585  67.1443
0.501349  66.8568
0.504128  66.5706
0.506922  66.2857
0.509731  66.002
0.512557  65.7195
0.515398  65.4382
0.518254  65.158
0.521127  64.8791
0.524015  64.6013
0.52692  64.3246
0.52984  64.049
0.532777  63.7745
0.53573  63.5011
0.538699  63.2288
0.541685  62.9575
0.544687  62.6872
0.547706  62.4179
0.550742  62.1495
0.553795  61.8821
0.556864  61.6158
0.55995  61.3504
0.563054  61.086
0.566175  60.8227
0.569313  60.5605
0.572468  60.2994
0.575641  60.0395
0.578832  59.7807
0.58204  59.5231
0.585266  59.2668
0.58851  59.0117
0.591772  58.758
0.595052  58.5056
0.59835  58.2545
0.601667  58.0049
0.605001  57.7567
0.608355  57.5098
0.611727  57.2642
0.615117  57.0199
0.618526  56.7768
0.621955  56.5348
0.625402  56.2939
0.628868  56.054
0.632354  55.815
0.635859  55.577
0.639383  55.3397
0.642927  55.1032
0.64649  54.8673
0.650074  54.632
0.653677  54.3973
0.6573  54.1631
0.660943  53.9296
0.664606  53.6967
0.66829  53.4646
0.671994  53.2333
0.675719  53.0028
0.679464  52.7733
0.68323  52.5448
0.687017  52.3174
0.690825  52.0912
0.694654  51.8662
0.698504  51.6425
0.702375  51.4201
0.706268  51.1992
0.710183  50.9796
0.714119  50.7612
0.718077  50.544
0.722057  50.3279
0.726059  50.1127
0.730084  49.8985
0.73413  49.6851
0.738199  49.4725
0.742291  49.2605
0.746405  49.0491
0.750542  48.8381
0.754702  48.6275
0.758885  48.4173
0.763091  48.2077
0.767321  47.9986
0.771574  47.7903
0.77585  47.5826
0.780151  47.3758
0.784475  47.17
0.788823  46.9651
0.793195  46.7613
0.797591  46.5587
0.802012  46.3574
0.806457  46.1575
0.810927  45.9587
0.815422  45.7612
0.819941  45.5647
0.824486  45.3693
0.829056  45.1749
0.833651  44.9813
0.838271  44.7885
0.842918  44.5965
0.84759  44.405
0.852287  44.2141
0.857011  44.0237
0.861761  43.8338
0.866538  43.6446
0.871341  43.456
0.87617  43.268
0.881027  43.0808
0.88591  42.8944
0.89082  42.7088
0.895757  42.5242
0.900722  42.3404
0.905715  42.1577
0.910735  41.9759
0.915783  41.7951
0.920858  41.6151
0.925962  41.4359
0.931095  41.2576
0.936255  41.08
0.941445  40.9031
0.946663  40.7268
0.95191  40.5512
0.957186  40.3761
0.962491  40.2017
0.967826  40.0278
0.97319  39.8546
0.978584  39.682
0.984008  39.5101
0.989462  39.3389
0.994946  39.1684
1.00046  38.9986
1.00601  38.8295
1.01158  38.6611
1.01719  38.4934
1.02283  38.3265
1.0285  38.1604
1.0342  37.995
1.03993  37.8303
1.04569  37.6664
1.05149  37.5032
1.05732  37.3407
1.06318  37.179
1.06907  37.018
1.07499  36.8577
1.08095  36.6982
1.08694  36.5394
1.09297  36.3812
1.09903  36.2238
1.10512  36.0671
1.11124  35.9111
1.1174  35.7558
1.1236  35.6011
1.12982  35.4472
1.13609  35.2939
1.14238  35.1413
1.14871  34.9894
1.15508  34.8381
1.16148  34.6874
1.16792  34.5374
1.17439  34.388
1.1809  34.2392
1.18745  34.0911
1.19403  33.9435
1.20065  33.7965
1.2073  33.6501
1.21399  33.5042
1.22072  33.3589
1.22749  33.2142
1.23429  33.0699
1.24113  32.9262
1.24801  32.7829
1.25493  32.6411
1.26189  32.5002
1.26888  32.3598
1.27591  32.2199
1.28299  32.0804
1.2901  31.9415
1.29725  31.803
1.30444  31.6651
1.31167  31.5277
1.31894  31.3907
1.32625  31.2543
1.3336  31.1185
1.34099  30.9831
1.34842  30.8483
1.3559  30.7139
1.36341  30.5802
1.37097  30.4469
1.37857  30.3142
1.38621  30.1821
1.39389  30.0505
1.40162  29.9194
1.40939  29.7889
1.4172  29.6589
1.42505  29.5295
1.43295  29.4007
1.44089  29.2724
1.44888  29.1447
1.45691  29.0176
1.46498  28.891
1.4731  28.7651
1.48127  28.6397
1.48948  28.5148
1.49774  28.3906
1.50604  28.2667
1.51438  28.1432
1.52278  28.0204
1.53122  27.8981
1.5397  27.7764
1.54824  27.6553
1.55682  27.5347
1.56545  27.4147
1.57413  27.2953
1.58285  27.1765
1.59162  27.0583
1.60045  26.9406
1.60932  26.8234
1.61824  26.7068
1.62721  26.5908
1.63622  26.4754
1.64529  26.3604
1.65441  26.246
1.66358  26.1322
1.6728  26.0188
1.68207  25.906
1.6914  25.7938
1.70077  25.682
1.7102  25.5707
1.71968  25.4599
1.72921  25.3496
1.73879  25.2398
1.74843  25.1305
1.75812  25.0216
1.76787  24.9131
1.77767  24.8051
1.78752  24.6976
1.79743  24.5904
1.80739  24.4837
1.81741  24.3773
1.82748  24.2713
1.83761  24.1657
1.84779  24.0604
1.85803  23.9555
1.86833  23.8508
1.87869  23.7465
1.8891  23.6425
1.89957  23.5387
1.9101  23.4351
1.92069  23.3318
1.93133  23.2287
1.94204  23.1258
1.9528  23.0231
1.96363  22.9205
1.97451  22.818
1.98545  22.7156
1.99646  22.6132
2.00752  22.5121
2.01865  22.4117
2.02984  22.313
2.04109  22.2151
2.0524  22.1176
2.06378  22.0205
2.07522  21.9237
2.08672  21.8274
2.09828  21.7315
2.10991  21.6359
2.12161  21.5408
2.13337  21.446
2.14519  21.3517
2.15708  21.2577
2.16904  21.1641
2.18106  21.0709
2.19315  20.9782
2.20531  20.8858
2.21753  20.7937
2.22982  20.7021
2.24218  20.6109
2.25461  20.52
2.2671  20.4296
2.27967  20.3395
2.2923  20.2498
2.30501  20.1604
2.31778  20.0715
2.33063  19.9829
2.34355  19.8947
2.35654  19.8069
2.3696  19.7192
2.38273  19.6318
2.39594  19.5449
2.40922  19.4582
2.42257  19.372
2.436  19.2868
2.4495  19.2023
2.46308  19.1182
2.47673  19.0344
2.49046  18.951
2.50426  18.868
2.51814  18.7853
2.5321  18.703
2.54613  18.621
2.56025  18.5396
2.57444  18.4592
2.58871  18.379
2.60305  18.2993
2.61748  18.2198
2.63199  18.1407
2.64658  18.0618
2.66125  17.9834
2.676  17.9052
2.69083  17.8274
2.70574  17.7498
2.72074  17.6726
2.73582  17.5958
2.75098  17.5192
2.76623  17.4422
2.78156  17.3655
2.79698  17.2891
2.81248  17.213
2.82807  17.1373
2.84375  17.0623
2.85951  16.9879
2.87536  16.9137
2.89129  16.8399
2.90732  16.7664
2.92343  16.6932
2.93964  16.6204
2.95593  16.5475
2.97231  16.4747
2.98879  16.4021
3.00535  16.3298
3.02201  16.2579
3.03876  16.1863
3.0556  16.1149
3.07254  16.0439
3.08957  15.9732
3.10669  15.9028
3.12391  15.8327
3.14123  15.7629
3.15864  15.6934
3.17615  15.6242
3.19375  15.5553
3.21145  15.4867
3.22925  15.4184
3.24715  15.3506
3.26515  15.2835
3.28324  15.2167
3.30144  15.1502
3.31974  15.084
3.33814  15.0181
3.35664  14.9519
3.37525  14.8858
3.39396  14.82
3.41277  14.7544
3.43168  14.6892
3.4507  14.6242
3.46983  14.5595
3.48906  14.4951
3.5084  14.431
3.52785  14.3672
3.5474  14.3036
3.56706  14.2403
3.58683  14.1773
3.60671  14.1146
3.6267  14.0522
3.6468  13.99
3.66702  13.9281
3.68734  13.8665
3.70778  13.8052
3.72833  13.7441
3.74899  13.6833
3.76977  13.6228
3.79067  13.5625
3.81168  13.5025
3.8328  13.4428
3.85405  13.3833
3.87541  13.3241
3.89689  13.2652
3.91849  13.2065
3.94021  13.148
3.96205  13.0887
3.98401  13.0298
4.00609  12.971
4.02829  12.9123
4.05062  12.854
4.07307  12.7962
4.09565  12.7388
4.11835  12.6817
4.14117  12.6248
4.16413  12.5682
4.18721  12.5118
4.21041  12.4557
4.23375  12.3999
4.25722  12.3443
4.28081  12.289
4.30454  12.2339
4.3284  12.1791
4.35239  12.1245
4.37651  12.0702
4.40077  12.0161
4.42516  11.9623
4.44969  11.9087
4.47435  11.8553
4.49915  11.8023
4.52409  11.7494
4.54916  11.6968
4.57438  11.6444
4.59973  11.5923
4.62523  11.5404
4.65086  11.4887
4.67664  11.4373
4.70256  11.3862
4.72863  11.3352
4.75483  11.2845
4.78119  11.234
4.80769  11.1838
4.83434  11.1337
4.86113  11.0839
4.88807  11.0345
4.91517  10.9854
4.94241  10.9365
4.9698  10.8879
4.99735  10.8394
5.02505  10.7912
5.0529  10.7432
5.08091  10.6955
5.10907  10.6479
5.13739  10.6006
5.16586  10.5535
5.19449  10.5066
5.22328  10.4599
5.25223  10.4134
5.28135  10.3671
5.31062  10.3211
5.34005  10.2753
5.36965  10.2296
5.39941  10.1842
5.42934  10.139
5.45943  10.094
5.48969  10.0492
5.52012  10.0046
5.55071  9.96019
5.58148  9.916
5.61242  9.87202
5.64352  9.82823
5.6748  9.78464
5.70626  9.7413
5.73788  9.69821
5.76969  9.65531
5.80167  9.61262
5.83382  9.57012
5.86616  9.52781
5.89867  9.48569
5.93136  9.44359
5.96424  9.4008
5.9973  9.35822
6.03054  9.31583
6.06396  9.27364
6.09757  9.23163
6.13137  9.18987
6.16535  9.14831
6.19953  9.10693
6.23389  9.06575
6.26844  9.02476
6.30318  8.98395
6.33812  8.94334
6.37325  8.90291
6.40857  8.86266
6.44409  8.8226
6.47981  8.78273
6.51573  8.74303
6.55184  8.70352
6.58815  8.66419
6.62467  8.62505
6.66139  8.58608
6.69831  8.54729
6.73544  8.50868
6.77277  8.47025
6.81031  8.43199
6.84805  8.39391
6.88601  8.356
6.92418  8.31827
6.96255  8.2807
7.00114  8.2433
7.03995  8.20608
7.07897  8.16902
7.1182  8.13214
7.15766  8.09543
7.19733  8.05898
7.23722  8.02269
7.27734  7.98657
7.31767  7.95061
7.35823  7.91482
7.39901  7.87919
7.44002  7.84371
7.48126  7.8084
7.52273  7.77325
7.56442  7.73826
7.60635  7.70343
7.64851  7.66876
7.6909  7.63424
7.73353  7.59989
7.77639  7.56568
7.81949  7.53164
7.86283  7.49774
7.90641  7.46401
7.95024  7.43042
7.9943  7.39699
8.03861  7.36371
8.08317  7.33058
8.12797  7.29761
8.17302  7.26479
8.21832  7.23215
8.26387  7.19967
8.30967  7.16733
8.35573  7.13514
8.40204  7.1031
8.44861  7.0712
8.49544  7.03945
8.54253  7.00784
8.58987  6.97638
8.63748  6.94506
8.68536  6.91389
8.7335  6.88285
8.7819  6.85196
8.83058  6.82121
8.87952  6.7906
8.92874  6.76013
8.97823  6.7298
9.02799  6.69961
9.07803  6.66955
9.12835  6.63963
9.17894  6.60985
9.22982  6.58021
9.28097  6.5507
9.33241  6.52133
9.38414  6.49209
9.43615  6.46298
9.48845  6.43401
9.54104  6.40517
9.59393  6.37647
9.6471  6.34789
9.70057  6.31945
9.75434  6.29113
9.8084  6.26295
9.86277  6.23489
9.91743  6.20696
9.9724  6.17786
10.0277  6.14803
10.0833  6.11835
10.1391  6.08881
10.1953  6.0594
10.2518  6.03013
10.3087  6.001
10.3658  5.972
10.4233  5.94314
10.481  5.91441
10.5391  5.88582
10.5975  5.85736
10.6563  5.82903
10.7153  5.80083
10.7747  5.77277
10.8345  5.74483
10.8945  5.71703
10.9549  5.68936
11.0156  5.66181
11.0767  5.6344
11.1381  5.60711
11.1998  5.57995
11.2619  5.55291
11.3243  5.526
11.3871  5.49922
11.4502  5.47257
11.5136  5.44603
11.5774  5.41962
11.6416  5.39334
11.7061  5.36718
11.771  5.34114
11.8363  5.31522
11.9019  5.28942
11.9678  5.26374
12.0342  5.23819
12.1009  5.21275
12.1679  5.18743
12.2354  5.16223
12.3032  5.13715
12.3714  5.11209
12.44  5.08709
12.5089  5.06222
12.5782  5.03746
12.648  5.01281
12.7181  4.98829
12.7886  4.96387
12.8594  4.93958
12.9307  4.91539
13.0024  4.89132
13.0744  4.86736
13.1469  4.84351
13.2198  4.81978
13.2931  4.79616
13.3667  4.77264
13.4408  4.74924
13.5153  4.72595
13.5902  4.70277
13.6656  4.67969
13.7413  4.65672
13.8175  4.63387
13.894  4.61112
13.971  4.58847
14.0485  4.56767
14.1264  4.54823
14.2046  4.52885
14.2834  4.50955
14.3625  4.49031
14.4422  4.47113
14.5222  4.45203
14.6027  4.43299
14.6836  4.41402
14.765  4.39511
14.8469  4.37627
14.9291  4.3575
15.0119  4.3388
15.0951  4.32016
15.1788  4.3016
15.2629  4.2831
15.3475  4.26466
15.4325  4.24629
15.5181  4.22799
15.6041  4.20976
15.6906  4.1916
15.7776  4.1735
15.865  4.15547
15.9529  4.13751
16.0414  4.11961
16.1303  4.10178
16.2197  4.08402
16.3096  4.06632
16.4  4.0487
16.4909  4.03114
16.5823  4.01365
16.6742  3.99623
16.7666  3.97888
16.8595  3.96159
16.953  3.94436
17.0469  3.92721
17.1414  3.91011
17.2364  3.89309
17.332  3.87613
17.428  3.85924
17.5246  3.84241
17.6218  3.82565
17.7194  3.80896
17.8176  3.79233
17.9164  3.77577
18.0157  3.75927
18.1156  3.74284
18.216  3.72647
18.3169  3.71017
18.4184  3.69394
18.5205  3.67776
18.6232  3.66166
18.7264  3.64562
18.8302  3.62964
18.9346  3.61373
19.0395  3.59788
19.145  3.5821
19.2512  3.56638
19.3579  3.55072
19.4652  3.53513
19.573  3.5196
19.6815  3.50414
19.7906  3.48873
19.9003  3.4734
20.0106  3.45812
20.1215  3.44291
20.233  3.42776
20.3452  3.41267
20.458  3.39765
20.5713  3.38269
20.6854  3.36779
20.8  3.35295
20.9153  3.33809
21.0312  3.32328
21.1478  3.30853
21.265  3.29384
21.3829  3.27921
21.5014  3.26465
21.6206  3.25014
21.7404  3.2357
21.8609  3.22132
21.9821  3.207
22.1039  3.19274
22.2264  3.17854
22.3496  3.1644
22.4735  3.15032
22.598  3.13631
22.7233  3.12235
22.8492  3.10845
22.9759  3.09461
23.1032  3.08083
23.2313  3.06711
23.36  3.05345
23.4895  3.03985
23.6197  3.0263
23.7506  3.01282
23.8823  2.99939
24.0146  2.98602
24.1477  2.97271
24.2816  2.95946
24.4162  2.94626
24.5515  2.93312
24.6876  2.92004
24.8244  2.90702
24.962  2.89405
25.1004  2.88114
25.2395  2.86829
25.3794  2.85549
25.52  2.84275
25.6615  2.83007
25.8037  2.81744
25.9467  2.80486
26.0906  2.79234
26.2352  2.77988
26.3806  2.76747
26.5268  2.75512
26.6738  2.74282
26.8217  2.73057
26.9703  2.71838
27.1198  2.70625
27.2701  2.69416
27.4213  2.68214
27.5733  2.67016
27.7261  2.65824
27.8798  2.64637
28.0343  2.63455
28.1897  2.62279
28.3459  2.61108
28.503  2.59942
28.661  2.58781
28.8199  2.57626
28.9796  2.56476
29.1402  2.5533
29.3017  2.5419
29.4641  2.53056
29.6275  2.51923
29.7917  2.50793
29.9568  2.49669
30.1228  2.48549
30.2898  2.47435
30.4577  2.46325
30.6265  2.45221
30.7962  2.44121
30.9669  2.43027
31.1386  2.41937
31.3112  2.40853
31.4847  2.39773
31.6592  2.38698
31.8347  2.37628
32.0111  2.36563
32.1886  2.35503
32.367  2.34448
32.5464  2.33397
32.7268  2.32351
32.9081  2.3131
33.0905  2.30274
33.274  2.29242
33.4584  2.28216
33.6438  2.27193
33.8303  2.26176
34.0178  2.25163
34.2064  2.24155
34.3959  2.23152
34.5866  2.22153
34.7783  2.21158
34.9711  2.20168
35.1649  2.19183
35.3598  2.18202
35.5558  2.17226
35.7528  2.16255
35.951  2.15287
36.1503  2.14325
36.3506  2.13366
36.5521  2.12412
36.7547  2.11463
36.9584  2.10518
37.1633  2.09577
37.3693  2.0864
37.5764  2.07708
37.7847  2.06781
37.9941  2.05857
38.2047  2.04938
38.4164  2.04023
38.6293  2.03112
38.8435  2.02206
39.0588  2.01303
39.2752  2.00405
39.4929  1.99511
39.7118  1.98622
39.9319  1.97736
40.1533  1.96855
40.3758  1.95977
40.5996  1.95104
40.8246  1.94235
41.0509  1.93369
41.2784  1.92508
41.5072  1.91651
41.7373  1.90798
41.9686  1.89949
42.2012  1.89104
42.4351  1.88262
42.6703  1.87425
42.9068  1.86592
43.1447  1.85762
43.3838  1.84934
43.6242  1.8411
43.866  1.8329
44.1092  1.82474
44.3537  1.81662
44.5995  1.80853
44.8467  1.80048
45.0953  1.79247
45.3452  1.7845
45.5965  1.77656
45.8493  1.76866
46.1034  1.7608
46.3589  1.75297
46.6159  1.74518
46.8742  1.73743
47.134  1.72971
47.3953  1.72203
47.658  1.71439
47.9221  1.70678
48.1877  1.69921
48.4548  1.69167
48.7234  1.68417
48.9935  1.6767
49.265  1.66927
49.5381  1.66187
49.8126  1.65451
50.0887  1.64718
50.3663  1.63989
50.6455  1.63263
50.9262  1.6254
51.2085  1.61821
51.4923  1.61106
51.7777  1.60393
52.0647  1.59684
52.3533  1.58979
52.6434  1.58277
52.9352  1.57578
53.2286  1.56882
53.5236  1.5619
53.8203  1.555
54.1186  1.54815
54.4186  1.54132
54.7202  1.53453
55.0235  1.52776
55.3285  1.52103
55.6351  1.51434
55.9435  1.50767
56.2536  1.50104
56.5654  1.49443
56.8789  1.48786
57.1941  1.48132
57.5111  1.47481
57.8299  1.46833
58.1504  1.46188
58.4727  1.45547
58.7968  1.44908
59.1227  1.44272
59.4504  1.4364
59.7799  1.4301
60.1113  1.42383
60.4444  1.4176
60.7794  1.41139
61.1163  1.40521
61.4551  1.39906
61.7957  1.39295
62.1382  1.38686
62.4826  1.3808
62.8289  1.37477
63.1772  1.36876
63.5273  1.36279
63.8794  1.35684
64.2335  1.35093
64.5895  1.34504
64.9475  1.33918
65.3075  1.33334
65.6695  1.32754
66.0334  1.32176
66.3994  1.31601
66.7675  1.31029
67.1375  1.3046
67.5097  1.29893
67.8838  1.29329
68.2601  1.28768
68.6384  1.28209
69.0189  1.27653
69.4014  1.271
69.7861  1.2655
70.1729  1.26002
70.5618  1.25456
70.9529  1.24914
71.3462  1.24374
71.7416  1.23836
72.1393  1.23301
72.5391  1.22769
72.9411  1.2224
73.3454  1.21712
73.752  1.21188
74.1607  1.20666
74.5718  1.20146
74.9851  1.19629
75.4007  1.19115
75.8186  1.18602
76.2389  1.18093
76.6614  1.17586
77.0863  1.17081
77.5136  1.16579
77.9432  1.16079
78.3752  1.15582
78.8096  1.15087
79.2464  1.14594
79.6857  1.14104
80.1273  1.13616
80.5715  1.1313
81.018  1.12647
81.4671  1.12167
81.9186  1.11688
82.3727  1.11212
82.8292  1.10738
83.2883  1.10267
83.75  1.09797
84.2142  1.0933
84.6809  1.08866
85.1503  1.08403
85.6222  1.07943
86.0968  1.07485
86.574  1.0703
87.0538  1.06576
87.5364  1.06125
88.0215  1.05676
88.5094  1.05229
89  1.04784
89.4933  1.04342
89.9893  1.03901
90.4881  1.03463
90.9896  1.03027
91.4939  1.02593
92.001  1.02161
92.511  1.01731
93.0237  1.01304
93.5393  1.00878
94.0578  1.00455
94.5791  1.00033
95.1033  0.99614
95.6304  0.991967
96.1605  0.987815
96.6935  0.983683
97.2294  0.979571
97.7683  0.97548
98.3102  0.971408
98.8551  0.967357
99.403  0.963325
99.9539  0.959313
100.508  0.955321
101.065  0.951349
101.625  0.947396
102.188  0.943462
102.755  0.939548
103.324  0.935654
103.897  0.931778
104.473  0.927921
105.052  0.924084
105.634  0.920265
106.22  0.916465
106.808  0.912684
107.4  0.908922
107.996  0.905178
108.594  0.901453
109.196  0.897746
109.801  0.894057
110.41  0.890387
111.022  0.886735
111.637  0.883101
112.256  0.879484
112.878  0.875886
113.504  0.872306
114.133  0.868743
114.766  0.865198
115.402  0.861671
116.041  0.858161
116.685  0.854668
117.331  0.851193
117.982  0.847735
118.636  0.844294
119.293  0.84087
119.954  0.837464
120.619  0.834074
121.288  0.830701
121.96  0.827345
122.636  0.824006
123.316  0.820683
123.999  0.817377
124.686  0.814087
125.378  0.810814
126.072  0.807557
126.771  0.804316
127.474  0.801092
128.18  0.797884
128.891  0.794691
129.605  0.791515
130.324  0.788354
131.046  0.78521
131.772  0.782081
132.503  0.778967
133.237  0.775869
133.976  0.772787
134.718  0.769721
135.465  0.766669
136.216  0.763633
136.971  0.760612
137.73  0.757607
138.493  0.754616
139.261  0.75164
140.033  0.74868
140.809  0.745734
141.589  0.742803
142.374  0.739887
143.163  0.736986
143.957  0.734099
144.755  0.731227
145.557  0.728369
146.364  0.725525
147.175  0.722696
147.991  0.719882
148.811  0.717081
149.636  0.714295
150.465  0.711522
151.299  0.708764
152.138  0.70602
152.981  0.703289
153.829  0.700573
154.681  0.69787
155.539  0.695181
156.401  0.692505
157.268  0.689843
158.139  0.687195
159.016  0.68456
159.897  0.681938
160.783  0.67933
161.675  0.676735
162.571  0.674153
163.472  0.671584
164.378  0.669028
165.289  0.666486
166.205  0.663956
167.126  0.66144
168.053  0.658936
168.984  0.656445
169.921  0.653966
170.862  0.6515
171.809  0.649047
172.762  0.646607
173.719  0.644179
174.682  0.641763
175.65  0.63936
176.624  0.636969
177.603  0.63459
178.587  0.632223
179.577  0.629869
180.572  0.627526
181.573  0.625196
182.58  0.622878
183.592  0.620571
184.609  0.618277
185.632  0.615994
186.661  0.613723
187.696  0.611464
188.736  0.609216
189.782  0.60698
190.834  0.604756
191.892  0.602542
192.955  0.600341
194.025  0.598151
195.1  0.595972
196.182  0.593804
197.269  0.591648
198.362  0.589502
199.462  0.587368
200.567  0.585245
201.679  0.583133
202.797  0.581032
203.921  0.578942
205.051  0.576862
206.188  0.574794
207.331  0.572736
208.48  0.570689
209.635  0.568652
210.797  0.566627
211.966  0.564611
213.14  0.562607
214.322  0.560612
215.51  0.558629
216.704  0.556655
217.905  0.554692
219.113  0.552739
220.327  0.550796
221.549  0.548864
222.777  0.546941
224.011  0.545029
225.253  0.543127
226.501  0.541235
227.757  0.539352
229.019  0.53748
230.289  0.535617
231.565  0.533765
232.848  0.531922
234.139  0.530088
235.437  0.528265
236.742  0.526451
238.054  0.524646
239.373  0.522851
240.7  0.521066
242.034  0.51929
243.376  0.517523
244.725  0.515766
246.081  0.514018
247.445  0.51228
248.816  0.51055
250.196  0.50883
251.582  0.507119
252.977  0.505417
254.379  0.503724
255.789  0.502041
257.207  0.500366
258.632  0.4987
260.066  0.497043
261.507  0.495395
262.957  0.493755
264.414  0.492125
265.88  0.490503
267.353  0.488889
268.835  0.487285
270.325  0.485689
271.823  0.484102
273.33  0.482523
274.845  0.480952
276.368  0.479391
277.9  0.477837
279.44  0.476292
280.989  0.474755
282.547  0.473227
284.113  0.471707
285.687  0.470195
287.271  0.468691
288.863  0.467195
290.464  0.465707
292.074  0.464228
293.693  0.462757
295.321  0.461293
296.958  0.459838
298.604  0.45839
300.259  0.45695
301.923  0.455518
303.596  0.454094
305.279  0.452678
306.971  0.45127
308.672  0.449869
310.383  0.448476
312.104  0.44709
313.834  0.445712
315.573  0.444342
317.322  0.442979
319.081  0.441624
320.849  0.440276
322.628  0.438935
324.416  0.437602
326.214  0.436276
328.022  0.434958
329.84  0.433647
331.668  0.432343
333.507  0.431046
335.355  0.429757
337.214  0.428475
339.083  0.427199
340.962  0.425931
342.852  0.42467
344.753  0.423416
346.663  0.422169
348.585  0.420929
350.517  0.419696
352.46  0.41847
354.413  0.41725
356.378  0.416038
358.353  0.414832
360.339  0.413633
362.336  0.412441
364.345  0.411255
366.364  0.410076
368.395  0.408904
370.436  0.407738
372.49  0.406579
374.554  0.405427
376.63  0.404281
378.718  0.403141
380.817  0.402008
382.928  0.400882
385.05  0.399762
387.184  0.398648
389.33  0.39754
391.488  0.396439
393.658  0.395344
395.84  0.394256
398.034  0.393173
400.24  0.392097
402.458  0.391027
404.689  0.389963
406.932  0.388905
409.188  0.387853
411.455  0.386808
413.736  0.385768
416.029  0.384735
418.335  0.383707
420.654  0.382685
422.985  0.381669
425.33  0.380659
427.687  0.379655
430.058  0.378657
432.441  0.377665
434.838  0.376678
437.248  0.375697
439.672  0.374722
442.109  0.373753
444.559  0.372789
447.023  0.371831
449.501  0.370878
451.992  0.369931
454.498  0.36899
457.017  0.368054
459.55  0.367124
462.097  0.366199
464.658  0.36528
467.233  0.364366
469.823  0.363458
472.427  0.362554
475.046  0.361657
477.679  0.360764
480.326  0.359877
482.988  0.358996
485.666  0.358119
488.357  0.357248
491.064  0.356382
493.786  0.355521
496.523  0.354665
499.275  0.353815
502.042  0.35297
504.825  0.352129
507.623  0.351294
510.436  0.350464
513.265  0.349639
516.11  0.348819
518.971  0.348003
521.847  0.347193
524.74  0.346388
527.648  0.345588
530.573  0.344792
533.514  0.344002
536.471  0.343216
539.444  0.342435
542.434  0.341659
545.44  0.340887
548.464  0.340121
551.504  0.339359
554.56  0.338602
557.634  0.337849
560.725  0.337102
563.833  0.336358
566.958  0.33562
570.1  0.334886
573.26  0.334156
576.437  0.333432
579.632  0.332711
582.845  0.331996
586.076  0.331284
589.324  0.330578
592.59  0.329875
595.875  0.329177
599.178  0.328484
602.499  0.327795
605.838  0.32711
609.196  0.326429
612.572  0.325753
615.968  0.325082
619.382  0.324414
622.815  0.323751
626.267  0.323092
629.738  0.322437
633.228  0.321786
636.738  0.32114
640.267  0.320498
643.816  0.31986
647.384  0.319226
650.973  0.318596
654.581  0.31797
658.209  0.317348
661.857  0.316731
665.525  0.316117
669.214  0.315507
672.923  0.314902
676.653  0.3143
680.404  0.313702
684.175  0.313109
687.967  0.312519
691.78  0.311933
695.614  0.311351
699.47  0.310772
703.347  0.310198
707.245  0.309627
711.165  0.309061
715.107  0.308498
719.07  0.307938
723.056  0.307383
727.063  0.306831
731.093  0.306283
735.145  0.305738
739.22  0.305197
743.317  0.304683
747.437  0.304172
751.58  0.303665
755.746  0.303161
759.934  0.302661
764.147  0.302164
768.382  0.30167
772.641  0.30118
776.923  0.300693
781.229  0.300209
785.559  0.299729
789.913  0.299252
794.292  0.298778
798.694  0.298308
803.121  0.29784
807.572  0.297376
812.048  0.296916
816.549  0.296458
821.075  0.296004
825.626  0.295552
830.202  0.295104
834.804  0.294659
839.431  0.294217
844.083  0.293779
848.762  0.293343
853.466  0.292911
858.196  0.292481
862.953  0.292055
867.736  0.291632
872.546  0.291211
877.382  0.290794
882.245  0.29038
887.135  0.289969
892.052  0.28956
896.996  0.289155
901.968  0.288753
906.967  0.288353
911.994  0.287957
917.049  0.287563
922.132  0.287173
927.243  0.286785
932.382  0.2864
937.55  0.286018
942.746  0.285639
947.972  0.285262
953.226  0.284889
958.509  0.284518
963.822  0.28415
969.164  0.283785
974.536  0.283423
979.937  0.283063
985.369  0.282706
990.83  0.282352
996.322  0.282001
1001.84  0.281652
1007.4  0.281306
1012.98  0.280963
1018.6  0.280622
1024.24  0.280284
1029.92  0.279949
1035.63  0.279616
1041.37  0.279286
1047.14  0.278958
1052.94  0.278633
1058.78  0.278311
1064.65  0.277991
1070.55  0.277674
1076.48  0.277359
1082.45  0.277047
1088.45  0.276737
1094.48  0.27643
1100.55  0.276126
1106.65  0.275824
1112.78  0.275524
1118.95  0.275227
1125.15  0.274932
1131.39  0.27464
1137.66  0.27435
1143.96  0.274062
1150.3  0.273777
1156.68  0.273495
1163.09  0.273214
1169.54  0.272936
1176.02  0.272661
1182.54  0.272387
1189.09  0.272117
1195.68  0.271848
1202.31  0.271582
1208.97  0.271318
1215.67  0.271056
1222.41  0.270797
1229.19  0.270539
1236  0.270285
1242.85  0.270032
1249.74  0.269781
1256.67  0.269533
1263.63  0.269287
1270.63  0.269043
1277.68  0.268802
1284.76  0.268562
1291.88  0.268325
1299.04  0.26809
1306.24  0.267857
1313.48  0.267626
1320.76  0.267397
1328.08  0.267171
1335.44  0.266946
1342.84  0.266724
1350.29  0.266503
1357.77  0.266285
1365.3  0.266069
1372.86  0.265855
1380.47  0.265642
1388.12  0.265432
1395.82  0.265224
1403.56  0.265018
1411.33  0.264814
1419.16  0.264612
1427.02  0.264412
1434.93  0.264213
1442.89  0.264017
1450.88  0.263823
1458.92  0.26363
1467.01  0.26344
1475.14  0.263251
1483.32  0.263065
1491.54  0.26288
1499.81  0.262697
1508.12  0.262516
1516.48  0.262337
1524.88  0.262159
1533.34  0.261984
1541.83  0.26181
1550.38  0.261638
1558.97  0.261468
1567.61  0.2613
1576.3  0.261134
1585.04  0.260969
1593.82  0.260806
1602.66  0.260645
1611.54  0.260486
1620.47  0.260328
1629.46  0.260172
1638.49  0.260018
1647.57  0.259866
1656.7  0.259715
1665.88  0.259566
1675.12  0.259418
1684.4  0.259273
1693.74  0.259129
1703.12  0.258986
1712.56  0.258846
1722.06  0.258706
1731.6  0.258569
1741.2  0.258433
1750.85  0.258299
1760.55  0.258166
1770.31  0.258035
1780.12  0.257906
1789.99  0.257778
1799.91  0.257651
1809.89  0.257527
1819.92  0.257403
1830.01  0.257282
1840.15  0.257162
1850.35  0.257043
1860.6  0.256926
1870.92  0.25681
1881.29  0.256696
1891.71  0.256583
1902.2  0.256472
1912.74  0.256362
1923.34  0.256254
1934  0.256147
1944.72  0.256042
1955.5  0.255938
1966.34  0.255835
1977.24  0.255734
1988.2  0.255634
1999.22  0.255536
2010.3  0.255439
2021.44  0.255343
2032.65  0.255249
2043.91  0.255156
2055.24  0.255065
2066.63  0.254975
2078.09  0.254886
2089.6  0.254799
2101.19  0.254712
2112.83  0.254628
2124.54  0.254544
2136.32  0.254462
2148.16  0.254381
2160.07  0.254301
2172.04  0.254223
2184.08  0.254145
2196.18  0.25407
2208.35  0.253995
2220.59  0.253922
2232.9  0.253849
2245.28  0.253778
2257.72  0.253709
2270.24  0.25364
2282.82  0.253573
2295.47  0.253507
2308.2  0.253442
2320.99  0.253378
2333.85  0.253315
2346.79  0.253254
2359.8  0.253193
2372.88  0.253134
2386.03  0.253076
2399.25  0.253019
2412.55  0.252963
2425.92  0.252909
2439.37  0.252855
2452.89  0.252803
2466.48  0.252751
2480.16  0.252701
2493.9  0.252652
2507.72  0.252604
2521.62  0.252556
2535.6  0.25251
2549.65  0.252465
2563.79  0.252421
2578  0.252378
2592.28  0.252337
2606.65  0.252296
2621.1  0.252256
2635.63  0.252217
2650.24  0.252179
2664.93  0.252142
2679.7  0.252106
2694.55  0.252071
2709.48  0.252037
2724.5  0.252004
2739.6  0.251972
2754.79  0.251941
2770.06  0.251911
2785.41  0.251882
2800.85  0.251853
2816.37  0.251826
2831.98  0.251799
2847.68  0.251774
2863.46  0.251749
2879.33  0.251725
2895.29  0.251702
2911.34  0.25168
2927.48  0.251659
2943.7  0.251639
2960.02  0.251619
2976.42  0.251601
2992.92  0.251583
3009.51  0.251566
3026.19  0.25155
3042.96  0.251535
3059.83  0.25152
3076.79  0.251507
3093.84  0.251494
3110.99  0.251482
3128.23  0.25147
3145.57  0.25146
3163.01  0.25145
3180.54  0.251441
3198.17  0.251433
3215.89  0.251426
3233.72  0.251419
3251.64  0.251413
3269.66  0.251408
3287.78  0.251404
3306.01  0.2514
3324.33  0.251397
3342.76  0.251395
3361.28  0.251394
3379.92  0.251393
3398.65  0.251393
3417.49  0.251393
3436.43  0.251395
3455.47  0.251397
3474.63  0.251399
3493.89  0.251403
3513.25  0.251407
3532.72  0.251411
3552.3  0.251417
3571.99  0.251422
3591.79  0.251429
3611.7  0.251436
3631.72  0.251444
3651.85  0.251453
3672.09  0.251462
3692.44  0.251472
3712.91  0.251482
3733.49  0.251493
3754.18  0.251504
3774.99  0.251516
3795.91  0.251529
3816.95  0.251542
3838.1  0.251556
3859.38  0.251571
3880.77  0.251586
3902.28  0.251601
3923.91  0.251618
3945.66  0.251634
3967.53  0.251651
3989.52  0.251669
4011.63  0.251687
4033.86  0.251706
4056.22  0.251726
4078.7  0.251746
4101.31  0.251766
4124.04  0.251787
4146.9  0.251808
4169.88  0.25183
4193  0.251853
4216.24  0.251875
4239.61  0.251899
4263.1  0.251923
4286.73  0.251947
4310.49  0.251972
4334.38  0.251997
4358.41  0.252023
4382.56  0.252049
4406.86  0.252076
4431.28  0.252103
4455.84  0.25213
4480.54  0.252158
4505.37  0.252187
4530.34  0.252215
4555.45  0.252245
4580.7  0.252274
4606.09  0.252304
4631.62  0.252335
4657.29  0.252366
4683.11  0.252397
4709.06  0.252429
4735.16  0.252461
4761.41  0.252493
4787.8  0.252526
4814.34  0.252559
4841.02  0.252593
4867.85  0.252627
4894.83  0.252661
4921.96  0.252696
4949.24  0.252731
4976.68  0.252766
5004.26  0.252802
5032  0.252838
5059.89  0.252875
5087.93  0.252912
5116.13  0.252949
5144.49  0.252986
5173  0.253024
5201.68  0.253062
5230.51  0.2531
5259.5  0.253139
5288.65  0.253178
5317.96  0.253218
5347.44  0.253257
5377.08  0.253297
5406.88  0.253337
5436.85  0.253378
5466.98  0.253419
5497.28  0.25346
5527.75  0.253501
5558.39  0.253543
5589.2  0.253585
5620.18  0.253627
5651.33  0.253669
5682.65  0.253712
5714.15  0.253755
5745.82  0.253798
5777.66  0.253842
5809.69  0.253886
5841.89  0.25393
5874.27  0.253974
5906.83  0.254018
5939.57  0.254063
5972.49  0.254108
6005.59  0.254153
6038.88  0.254198
6072.35  0.254244
6106  0.25429
6139.85  0.254336
6173.88  0.254382
6208.1  0.254428
6242.51  0.254475
6277.11  0.254522
6311.9  0.254569
6346.88  0.254616
6382.06  0.254663
6417.43  0.254711
6453  0.254759
6488.77  0.254807
6524.74  0.254855
6560.9  0.254903
6597.26  0.254952
6633.83  0.255
6670.6  0.255049
6707.57  0.255098
6744.75  0.255147
6782.13  0.255197
6819.72  0.255246
6857.52  0.255296
6895.53  0.255345
6933.75  0.255395
6972.18  0.255445
7010.83  0.255495
7049.68  0.255546
7088.76  0.255596
7128.05  0.255647
7167.56  0.255698
7207.28  0.255748
7247.23  0.255799
7287.4  0.25585
7327.79  0.255902
7368.4  0.255953
7409.24  0.256004
7450.31  0.256056
7491.61  0.256108
7533.13  0.256159
7574.88  0.256211
7616.87  0.256263
7659.08  0.256315
7701.54  0.256367
7744.22  0.25642
7787.15  0.256472
7830.31  0.256524
7873.71  0.256577
7917.35  0.25663
7961.23  0.256682
8005.36  0.256735
8049.73  0.256788
8094.34  0.256841
8139.21  0.256894
8184.32  0.256947
8229.68  0.257
8275.3  0.257053
8321.16  0.257106
8367.28  0.25716
8413.66  0.257213
8460.29  0.257267
8507.19  0.25732
8554.34  0.257374
8601.75  0.257427
8649.43  0.257481
8697.37  0.257535
8745.57  0.257588
8794.05  0.257642
8842.79  0.257696
8891.8  0.25775
8941.09  0.257804
8990.64  0.257857
9040.47  0.257911
9090.58  0.257965
9140.97  0.258019
9191.63  0.258073
9242.58  0.258128
9293.81  0.258182
9345.32  0.258236
9397.12  0.25829
9449.2  0.258344
9501.57  0.258398
9554.24  0.258452
9607.19  0.258507
9660.44  0.258561
9713.99  0.258615
9767.83  0.258669
9821.97  0.258723
9876.41  0.258778
9931.15  0.258832
9986.19  0.258886
10041.5  0.25894
10097.2  0.258995
10153.2  0.259049
10209.4  0.259103
10266  0.259157
10322.9  0.259211
10380.1  0.259266
10437.7  0.25932
10495.5  0.259374
10553.7  0.259428
10612.2  0.259482
10671  0.259536
10730.2  0.25959
10789.6  0.259644
10849.4  0.259699
10909.6  0.259753
10970  0.259807
11030.8  0.25986
11092  0.259914
11153.5  0.259968
11215.3  0.260022
11277.4  0.260076
11339.9  0.26013
11402.8  0.260184
11466  0.260237
11529.6  0.260291
11593.5  0.260345
11657.7  0.260398
11722.3  0.260452
11787.3  0.260505
11852.6  0.260559
11918.3  0.260612
11984.4  0.260666
12050.8  0.260719
12117.6  0.260773
12184.8  0.260826
12252.3  0.260879
12320.2  0.260932
12388.5  0.260985
12457.2  0.261038
12526.2  0.261091
12595.6  0.261144
12665.4  0.261197
12735.6  0.26125
12806.2  0.261303
12877.2  0.261355
12948.6  0.261408
13020.4  0.261461
13092.5  0.261513
13165.1  0.261565
13238.1  0.261618
13311.4  0.26167
13385.2  0.261722
13459.4  0.261775
13534  0.261827
13609  0.261879
13684.4  0.261931
13760.3  0.261982
13836.6  0.262034
13913.3  0.262086
13990.4  0.262138
14067.9  0.262189
14145.9  0.262241
14224.3  0.262292
14303.1  0.262344
14382.4  0.262395
14462.1  0.262446
14542.3  0.262497
14622.9  0.262548
14703.9  0.262599
14785.4  0.26265
14867.4  0.262701
14949.8  0.262751
15032.6  0.262802
15116  0.262852
15199.7  0.262903
15284  0.262953
15368.7  0.263003
15453.9  0.263054
15539.5  0.263104
15625.7  0.263154
15712.3  0.263204
15799.4  0.263253
15886.9  0.263303
15975  0.263353
16063.5  0.263402
16152.6  0.263452
16242.1  0.263501
16332.1  0.26355
16422.6  0.263599
16513.7  0.263648
16605.2  0.263697
16697.2  0.263746
16789.8  0.263795
16882.8  0.263843
16976.4  0.263892
17070.5  0.26394
17165.1  0.263989
17260.3  0.264037
17355.9  0.264085
17452.1  0.264133
17548.9  0.264181
17646.1  0.264229
17743.9  0.264276
17842.3  0.264324
17941.2  0.264371
18040.6  0.264419
18140.6  0.264466
18241.1  0.264513
18342.3  0.26456
18443.9  0.264607
18546.1  0.264654
18648.9  0.264701
18752.3  0.264748
18856.2  0.264794
18960.8  0.26484
19065.8  0.264887
19171.5  0.264933
19277.8  0.264979
19384.6  0.265025
19492.1  0.265071
19600.1  0.265117
19708.7  0.265162
19818  0.265208
19927.8  0.265253
20038.3  0.265298
20149.3  0.265343
20261  0.265389
20373.3  0.265433
20486.2  0.265478
20599.8  0.265523
20714  0.265568
20828.8  0.265612
20944.2  0.265656
21060.3  0.265701
21177  0.265745
21294.4  0.265789
21412.4  0.265833
21531.1  0.265876
21650.5  0.26592
21770.5  0.265964
21891.1  0.266007
22012.5  0.26605
22134.5  0.266093
22257.1  0.266136
22380.5  0.266179
22504.6  0.266222
22629.3  0.266265
22754.7  0.266307
22880.8  0.26635
23007.7  0.266392
23135.2  0.266434
23263.4  0.266477
23392.3  0.266518
23522  0.26656
23652.4  0.266602
23783.5  0.266644
23915.3  0.266685
24047.8  0.266726
24181.1  0.266768
24315.2  0.266809
24449.9  0.26685
24585.4  0.266891
24721.7  0.266931
24858.7  0.266972
24996.5  0.267012
25135.1  0.267053
25274.4  0.267093
25414.5  0.267133
25555.3  0.267173
25697  0.267213
25839.4  0.267253
25982.6  0.267292
26126.6  0.267332
26271.4  0.267371
26417.1  0.267411
26563.5  0.26745
26710.7  0.267489
26858.8  0.267528
27007.6  0.267566
27157.3  0.267605
27307.8  0.267643
27459.2  0.267682
27611.4  0.26772
27764.4  0.267758
27918.3  0.267796
28073.1  0.267834
28228.7  0.267872
28385.1  0.267909
28542.4  0.267947
28700.6  0.267984
28859.7  0.268022
29019.7  0.268059
29180.5  0.268096
29342.3  0.268133
29504.9  0.268169
29668.4  0.268206
29832.9  0.268242
29998.2  0.268279
30164.5  0.268315
30331.7  0.268351
30499.8  0.268387
30668.8  0.268423
30838.8  0.268459
31009.8  0.268494
31181.6  0.26853
31354.5  0.268565
31528.2  0.2686
31703  0.268636
31878.7  0.268671
32055.4  0.268705
32233.1  0.26874
32411.7  0.268775
32591.4  0.268809
32772  0.268844
32953.7  0.268878
33136.3  0.268912
33320  0.268946
33504.6  0.26898
33690.3  0.269014
33877.1  0.269047
34064.8  0.269081
34253.7  0.269114
34443.5  0.269147
34634.4  0.269181
34826.4  0.269214
35019.4  0.269246
35213.5  0.269279
35408.7  0.269312
35604.9  0.269344
35802.3  0.269377
36000.7  0.269409
36200.3  0.269441
36400.9  0.269473
36602.7  0.269505
36805.5  0.269537
37009.5  0.269568
37214.7  0.2696
37420.9  0.269631
37628.3  0.269663
37836.9  0.269694
38046.6  0.269725
38257.5  0.269756
38469.5  0.269787
38682.8  0.269817
38897.2  0.269848
39112.8  0.269878
39329.5  0.269908
39547.5  0.269939
39766.7  0.269969
39987.1  0.269999
40208.8  0.270028
40431.6  0.270058
40655.7  0.270088
40881.1  0.270117
41107.7  0.270146
41335.5  0.270176
41564.6  0.270205
41795  0.270234
42026.6  0.270263
42259.6  0.270291
42493.8  0.27032
42729.3  0.270348
42966.2  0.270377
43204.3  0.270405
43443.8  0.270433
43684.6  0.270461
43926.7  0.270489
44170.2  0.270517
44415  0.270545
44661.2  0.270572
44908.7  0.2706
45157.6  0.270627
45407.9  0.270654
45659.6  0.270681
45912.7  0.270708
46167.1  0.270735
46423  0.270762
46680.3  0.270788
46939.1  0.270815
47199.2  0.270841
47460.8  0.270868
47723.9  0.270894
47988.4  0.27092
48254.4  0.270946
48521.8  0.270971
48790.8  0.270997
49061.2  0.271023
49333.1  0.271048
49606.6  0.271074
49881.5  0.271099
50158  0.271124
50436  0.271149
50715.5  0.271174
50996.6  0.271199
51279.3  0.271223
51563.5  0.271248
51849.3  0.271272
52136.7  0.271297
52425.7  0.271321
52716.2  0.271345
53008.4  0.271369
53302.2  0.271393
53597.7  0.271417
53894.7  0.27144
54193.4  0.271464
54493.8  0.271487
54795.9  0.271511
55099.6  0.271534
55405  0.271557
55712.1  0.27158
56020.8  0.271603
56331.3  0.271626
56643.6  0.271648
56957.5  0.271671
57273.2  0.271693
57590.7  0.271716
57909.9  0.271738
58230.8  0.27176
58553.6  0.271782
58878.1  0.271804
59204.5  0.271826
59532.6  0.271848
59862.6  0.271869
60194.4  0.271891
60528  0.271912
60863.5  0.271933
61200.8  0.271955
61540  0.271976
61881.1  0.271997
62224.1  0.272018
62569  0.272038
62915.8  0.272059
63264.5  0.27208
63615.2  0.2721
63967.8  0.27212
64322.3  0.272141
64678.8  0.272161
65037.3  0.272181
65397.8  0.272201
65760.3  0.272221
66124.8  0.27224
66491.3  0.27226
66859.8  0.27228
67230.4  0.272299
67603  0.272318
67977.7  0.272338
68354.5  0.272357
68733.3  0.272376
69114.3  0.272395
69497.4  0.272414
69882.6  0.272432
70269.9  0.272451
70659.4  0.27247
71051  0.272488
71444.8  0.272506
71840.8  0.272525
72239  0.272543
72639.4  0.272561
73042  0.272579
73446.9  0.272597
73853.9  0.272614
74263.3  0.272632
74674.9  0.27265
75088.8  0.272667
75505  0.272685
75923.5  0.272702
76344.3  0.272719
76767.4  0.272736
77192.9  0.272753
77620.8  0.27277
78051  0.272787
78483.6  0.272804
78918.6  0.27282
79356  0.272837
79795.9  0.272853
80238.1  0.27287
80682.9  0.272886
81130.1  0.272902
81579.7  0.272918
82031.9  0.272934
82486.6  0.27295
82943.8  0.272966
83403.5  0.272982
83865.8  0.272997
84330.6  0.273013
84798  0.273028
85268  0.273044
85740.6  0.273059
86215.9  0.273074
86693.7  0.273089
87174.2  0.273104
87657.4  0.273119
88143.2  0.273134
88631.8  0.273149
89123  0.273164
89617  0.273178
90113.7  0.273193
90613.2  0.273207
91115.4  0.273221
91620.4  0.273236
92128.3  0.27325
92638.9  0.273264
93152.4  0.273278
93668.7  0.273292
94187.8  0.273306
94709.9  0.273319
95234.8  0.273333
95762.7  0.273346
96293.4  0.27336
96827.2  0.273373
97363.8  0.273387
97903.5  0.2734
98446.1  0.273413
98991.8  0.273426
99540.5  0.273439
100092  0.273452
100647  0.273465
101205  0.273478
101766  0.27349
102330  0.273503
102897  0.273515
103467  0.273528
104041  0.27354
104617  0.273553
105197  0.273565
105780  0.273577
106367  0.273589
106956  0.273601
107549  0.273613
108145  0.273625
108744  0.273636
109347  0.273648
109953  0.27366
110563  0.273671
111176  0.273683
111792  0.273694
112411  0.273705
113034  0.273716
113661  0.273728
114291  0.273739
114924  0.27375
115561  0.27376
116202  0.273771
116846  0.273782
117494  0.273793
118145  0.273803
118800  0.273814
119458  0.273824
120120  0.273835
120786  0.273845
121455  0.273856
122129  0.273866
122806  0.273876
123486  0.273886
124171  0.273896
124859  0.273906
125551  0.273916
126247  0.273925
126946  0.273935
127650  0.273945
128358  0.273954
129069  0.273964
129784  0.273973
130504  0.273983
131227  0.273992
131954  0.274001
132686  0.27401
133421  0.27402
134161  0.274029
134904  0.274038
135652  0.274047
136404  0.274055
137160  0.274064
137920  0.274073
138685  0.274082
139453  0.27409
140226  0.274099
141003  0.274107
141785  0.274116
142571  0.274124
143361  0.274132
144156  0.27414
144955  0.274149
145758  0.274157
146566  0.274165
147378  0.274173
148195  0.274181
149017  0.274188
149843  0.274196
150673  0.274204
151508  0.274212
152348  0.274219
153192  0.274227
154041  0.274234
154895  0.274242
155754  0.274249
156617  0.274256
157485  0.274264
158358  0.274271
159236  0.274278
160118  0.274285
161006  0.274292
161898  0.274299
162795  0.274306
163698  0.274313
164605  0.27432
165517  0.274327
166435  0.274333
167357  0.27434
168285  0.274346
169218  0.274353
170156  0.274359
171099  0.274366
172047  0.274372
173001  0.274379
173959  0.274385
174924  0.274391
175893  0.274397
176868  0.274403
177848  0.274409
178834  0.274415
179825  0.274421
180822  0.274427
181824  0.274433
182832  0.274439
183845  0.274445
184864  0.27445
185889  0.274456
186919  0.274462
187955  0.274467
188997  0.274473
190045  0.274478
191098  0.274484
192157  0.274489
193222  0.274494
194293  0.2745
195370  0.274505
196453  0.27451
197542  0.274515
198637  0.27452
199738  0.274525
200845  0.27453
201958  0.274535
203077  0.27454
204203  0.274545
205335  0.27455
206473  0.274555
207617  0.274559
208768  0.274564
209925  0.274569
211089  0.274573
212259  0.274578
213435  0.274582
214618  0.274587
215808  0.274591
217004  0.274596
218207  0.2746
219416  0.274604
220632  0.274608
221855  0.274613
223085  0.274617
224321  0.274621
225564  0.274625
226815  0.274629
228072  0.274633
229336  0.274637
230607  0.274641
231885  0.274645
233170  0.274649
234463  0.274652
235762  0.274656
237069  0.27466
238383  0.274664
239704  0.274667
241033  0.274671
242369  0.274675
243712  0.274678
245063  0.274682
246421  0.274685
247787  0.274688
249161  0.274692
250542  0.274695
251930  0.274699
253327  0.274702
254731  0.274705
256143  0.274708
257562  0.274711
258990  0.274715
260425  0.274718
261869  0.274721
263320  0.274724
264780  0.274727
266247  0.27473
267723  0.274733
269207  0.274736
270699  0.274739
272199  0.274741
273708  0.274744
275225  0.274747
276751  0.27475
278284  0.274752
279827  0.274755
281378  0.274758
282937  0.27476
284506  0.274763
286083  0.274766
287668  0.274768
289263  0.274771
290866  0.274773
292478  0.274775
294099  0.274778
295729  0.27478
297368  0.274783
299016  0.274785
300674  0.274787
302340  0.274789
304016  0.274792
305701  0.274794
307396  0.274796
309099  0.274798
310813  0.2748
312535  0.274802
314267  0.274805
316009  0.274807
317761  0.274809
319522  0.274811
321293  0.274813
323074  0.274815
324865  0.274816
326665  0.274818
328476  0.27482
330296  0.274822
332127  0.274824
333968  0.274826
335819  0.274827
337680  0.274829
339552  0.274831
341434  0.274833
343326  0.274834
345229  0.274836
347143  0.274837
349067  0.274839
351002  0.274841
352947  0.274842
354903  0.274844
356870  0.274845
358848  0.274847
360837  0.274848
362837  0.27485
364848  0.274851
366871  0.274852
368904  0.274854
370949  0.274855
373005  0.274857
375072  0.274858
377151  0.274859
379241  0.27486
381343  0.274862
383457  0.274863
385582  0.274864
387720  0.274865
389869  0.274867
392029  0.274868
394202  0.274869
396387  0.27487
398584  0.274871
400793  0.274872
403015  0.274873
405249  0.274874
407495  0.274875
409753  0.274876
412024  0.274877
414308  0.274878
416604  0.274879
418914  0.27488
421235  0.274881
423570  0.274882
425918  0.274883
428279  0.274884
430652  0.274885
433039  0.274886
435439  0.274886
437853  0.274887
440280  0.274888
442720  0.274889
445174  0.27489
447641  0.27489
450122  0.274891
452617  0.274892
455126  0.274893
457649  0.274893
460185  0.274894
462736  0.274895
465301  0.274895
467880  0.274896
470473  0.274897
473080  0.274897
475703  0.274898
478339  0.274899
480990  0.274899
483656  0.2749
486337  0.2749
489033  0.274901
491743  0.274901
494469  0.274902
497209  0.274902
499965  0.274903
502736  0.274903
505523  0.274904
508325  0.274904
511142  0.274905
513975  0.274905
516824  0.274906
519689  0.274906
522569  0.274907
525465  0.274907
528378  0.274907
531306  0.274908
534251  0.274908
537212  0.274909
540190  0.274909
543184  0.274909
546195  0.27491
549222  0.27491
552266  0.27491
555327  0.274911
558405  0.274911
561500  0.274911
564612  0.274911
567742  0.274912
570889  0.274912
574053  0.274912
577234  0.274913
580434  0.274913
583651  0.274913
586886  0.274913
590139  0.274914
593410  0.274914
596699  0.274914
600006  0.274914
603332  0.274914
606676  0.274915
610038  0.274915
613419  0.274915
616819  0.274915
620238  0.274915
623676  0.274916
627133  0.274916
630609  0.274916
634104  0.274916
637619  0.274916
641153  0.274916
644706  0.274916
648280  0.274917
651873  0.274917
655486  0.274917
659119  0.274917
662772  0.274917
666446  0.274917
670140  0.274917
673854  0.274917
677589  0.274917
681344  0.274918
685121  0.274918
688918  0.274918
692737  0.274918
696576  0.274918
700437  0.274918
704319  0.274918
708223  0.274918
712148  0.274918
716096  0.274918
720065  0.274918
724056  0.274918
728069  0.274918
732104  0.274918
736162  0.274918
740242  0.274919
744345  0.274919
748471  0.274919
752619  0.274919
756791  0.274919
760985  0.274919
765203  0.274919
769444  0.274919
773709  0.274919
777997  0.274919
782310  0.274919
786646  0.274919
791006  0.274919
795390  0.274919
799799  0.274919
804231  0.274919
808689  0.274919
813171  0.274919
817678  0.274919
822210  0.274919
826768  0.274919
831350  0.274919
835958  0.274919
840591  0.274919
845250  0.274919
849935  0.274919
854646  0.274919
859383  0.274919
864146  0.274919
868936  0.274919
873752  0.274919
878595  0.274919
883465  0.274919
888361  0.274919
893285  0.274919
898236  0.274919
903215  0.274919
908221  0.274919
913255  0.274919
918317  0.274919
923407  0.274919
928525  0.274919
933671  0.274919
938846  0.274919
944050  0.274919
949283  0.274919
954544  0.274919
959835  0.274919
965155  0.274919
970504  0.274919
975883  0.274919
981292  0.274919
986731  0.274919
992200  0.274919
997700  0.274919
1.00323e+06  0.274919
1.00879e+06  0.274919
1.01438e+06  0.274919
1.02e+06  0.274919
1.02566e+06  0.274919
1.03134e+06  0.274919
1.03706e+06  0.274919
1.04281e+06  0.274919
1.04859e+06  0.274919
1.0544e+06  0.274919
1.06024e+06  0.274919
1.06612e+06  0.274919
1.07203e+06  0.274919
1.07797e+06  0.274919
1.08394e+06  0.274919
1.08995e+06  0.274919
1.09599e+06  0.274919
1.10207e+06  0.274919
1.10818e+06  0.274919
1.11432e+06  0.274919
1.12049e+06  0.274919
1.12671e+06  0.274919
1.13295e+06  0.274919
1.13923e+06  0.274919
1.14554e+06  0.274919
1.15189e+06  0.274919
1.15828e+06  0.274919
1.1647e+06  0.274919
1.17115e+06  0.274919
1.17764e+06  0.274919
1.18417e+06  0.274919
1.19074e+06  0.274919
1.19733e+06  0.274919
1.20397e+06  0.274919
1.21064e+06  0.274919
1.21735e+06  0.274919
1.2241e+06  0.274919
1.23089e+06  0.274919
1.23771e+06  0.274919
1.24457e+06  0.274919
1.25147e+06  0.274919
1.2584e+06  0.274919
1.26538e+06  0.274919
1.27239e+06  0.274919
1.27944e+06  0.274919
1.28654e+06  0.274919
1.29367e+06  0.274919
1.30084e+06  0.274919
1.30805e+06  0.274919
1.3153e+06  0.274919
1.32259e+06  0.274919
1.32992e+06  0.274919
1.33729e+06  0.274919
1.3447e+06  0.274919
1.35215e+06  0.274919
1.35965e+06  0.274919
1.36718e+06  0.274919
1.37476e+06  0.274919
1.38238e+06  0.274919
1.39004e+06  0.274919
1.39775e+06  0.274919
1.4055e+06  0.274919
1.41329e+06  0.274919
1.42112e+06  0.274919
1.429e+06  0.274919
1.43692e+06  0.274919
1.44488e+06  0.274919
1.45289e+06  0.274919
1.46094e+06  0.274919
1.46904e+06  0.274919
1.47718e+06  0.274919
1.48537e+06  0.274919
1.4936e+06  0.274919
1.50188e+06  0.274919
1.5102e+06  0.274919
1.51858e+06  0.274919
1.52699e+06  0.274919
1.53546e+06  0.274919
1.54397e+06  0.274919
1.55252e+06  0.274919
1.56113e+06  0.274919
1.56978e+06  0.274919
1.57848e+06  0.274919
1.58723e+06  0.274919
1.59603e+06  0.274919
1.60487e+06  0.274919
1.61377e+06  0.274919
1.62271e+06  0.274919
1.63171e+06  0.274919
1.64075e+06  0.274919
1.64985e+06  0.274919
1.65899e+06  0.274919
1.66819e+06  0.274919
1.67743e+06  0.274919
1.68673e+06  0.274919
1.69608e+06  0.274919
1.70548e+06  0.274919
1.71493e+06  0.274919
1.72444e+06  0.274919
1.73399e+06  0.274919
1.74361e+06  0.274919
1.75327e+06  0.274919
1.76299e+06  0.274919
1.77276e+06  0.274919
1.78258e+06  0.274919
1.79247e+06  0.274919
1.8024e+06  0.274919
1.81239e+06  0.274919
1.82244e+06  0.274919
1.83254e+06  0.274919
1.84269e+06  0.274919
1.85291e+06  0.274919
1.86318e+06  0.274919
1.8735e+06  0.274919
1.88389e+06  0.274919
1.89433e+06  0.274919
1.90483e+06  0.274919
1.91539e+06  0.274919
1.926e+06  0.274919
1.93668e+06  0.274919
1.94741e+06  0.274919
1.95821e+06  0.274919
1.96906e+06  0.274919
1.97997e+06  0.274919
1.99095e+06  0.274919
2.00198e+06  0.274919
2.01308e+06  0.274919
2.02424e+06  0.274919
2.03546e+06  0.274919
2.04674e+06  0.274919
2.05808e+06  0.274919
2.06949e+06  0.274919
2.08096e+06  0.274919
2.09249e+06  0.274919
2.10409e+06  0.274919
2.11575e+06  0.274919
2.12748e+06  0.274919
2.13927e+06  0.274919
2.15113e+06  0.274919
2.16305e+06  0.274919
2.17504e+06  0.274919
2.1871e+06  0.274919
2.19922e+06  0.274919
2.21141e+06  0.274919
2.22367e+06  0.274919
2.23599e+06  0.274919
2.24838e+06  0.274919
2.26085e+06  0.274919
2.27338e+06  0.274919
2.28598e+06  0.274919
2.29865e+06  0.274919
2.31139e+06  0.274919
2.3242e+06  0.274919
2.33708e+06  0.274919
2.35003e+06  0.274919
2.36306e+06  0.274919
2.37616e+06  0.274919
2.38933e+06  0.274919
2.40257e+06  0.274919
2.41589e+06  0.274919
2.42928e+06  0.274919
2.44274e+06  0.274919
2.45628e+06  0.274919
2.4699e+06  0.274919
2.48358e+06  0.274919
2.49735e+06  0.274919
2.51119e+06  0.274919
2.52511e+06  0.274919
2.53911e+06  0.274919
2.55318e+06  0.274919
2.56733e+06  0.274919
2.58156e+06  0.274919
2.59587e+06  0.274919
2.61026e+06  0.274919
2.62473e+06  0.274919
2.63927e+06  0.274919
2.6539e+06  0.274919
2.66861e+06  0.274919
2.6834e+06  0.274919
2.69828e+06  0.274919
2.71323e+06  0.274919
2.72827e+06  0.274919
2.74339e+06  0.274919
2.7586e+06  0.274919
2.77389e+06  0.274919
2.78926e+06  0.274919
2.80472e+06  0.274919
2.82027e+06  0.274919
2.8359e+06  0.274919
2.85162e+06  0.274919
2.86742e+06  0.274919
2.88331e+06  0.274919
2.8993e+06  0.274919
2.91537e+06  0.274919
2.93152e+06  0.274919
2.94777e+06  0.274919
2.96411e+06  0.274919
2.98054e+06  0.274919
2.99706e+06  0.274919
3.01367e+06  0.274919
3.03037e+06  0.274919
3.04717e+06  0.274919
3.06406e+06  0.274919
3.08104e+06  0.274919
3.09812e+06  0.274919
3.11529e+06  0.274919
3.13256e+06  0.274919
3.14992e+06  0.274919
3.16738e+06  0.274919
3.18494e+06  0.274919
3.20259e+06  0.274919
3.22034e+06  0.274919
3.23819e+06  0.274919
3.25614e+06  0.274919
3.27418e+06  0.274919
3.29233e+06  0.274919
3.31058e+06  0.274919
3.32893e+06  0.274919
3.34738e+06  0.274919
3.36593e+06  0.274919
3.38459e+06  0.274919
3.40335e+06  0.274919
3.42221e+06  0.274919
3.44118e+06  0.274919
3.46025e+06  0.274919
3.47943e+06  0.274919
3.49872e+06  0.274919
3.51811e+06  0.274919
3.53761e+06  0.274919
3.55722e+06  0.274919
3.57693e+06  0.274919
3.59676e+06  0.274919
3.61669e+06  0.274919
3.63674e+06  0.274919
3.6569e+06  0.274919
3.67716e+06  0.274919
3.69755e+06  0.274919
3.71804e+06  0.274919
3.73865e+06  0.274919
3.75937e+06  0.274919
3.78021e+06  0.274919
3.80116e+06  0.274919
3.82223e+06  0.274919
3.84341e+06  0.274919
3.86471e+06  0.274919
3.88614e+06  0.274919
3.90767e+06  0.274919
3.92933e+06  0.274919
3.95111e+06  0.274919
3.97301e+06  0.274919
3.99503e+06  0.274919
4.01718e+06  0.274919
4.03944e+06  0.274919
4.06183e+06  0.274919
4.08434e+06  0.274919
4.10698e+06  0.274919
4.12974e+06  0.274919
4.15263e+06  0.274919
4.17565e+06  0.274919
4.19879e+06  0.274919
4.22207e+06  0.274919
4.24547e+06  0.274919
4.269e+06  0.274919
4.29266e+06  0.274919
4.31645e+06  0.274919
4.34038e+06  0.274919
4.36443e+06  0.274919
4.38862e+06  0.274919
4.41295e+06  0.274919
4.43741e+06  0.274919
4.462e+06  0.274919
4.48673e+06  0.274919
4.5116e+06  0.274919
4.53661e+06  0.274919
4.56175e+06  0.274919
4.58704e+06  0.274919
4.61246e+06  0.274919
4.63803e+06  0.274919
4.66373e+06  0.274919
4.68958e+06  0.274919
4.71558e+06  0.274919
4.74171e+06  0.274919
4.76799e+06  0.274919
4.79442e+06  0.274919
4.82099e+06  0.274919
4.84772e+06  0.274919
4.87458e+06  0.274919
4.9016e+06  0.274919
4.92877e+06  0.274919
4.95609e+06  0.274919
4.98356e+06  0.274919
5.01118e+06  0.274919
5.03895e+06  0.274919
5.06688e+06  0.274919
5.09497e+06  0.274919
5.12321e+06  0.274919
5.1516e+06  0.274919
5.18016e+06  0.274919
5.20887e+06  0.274919
5.23774e+06  0.274919
5.26677e+06  0.274919
5.29596e+06  0.274919
5.32531e+06  0.274919
5.35483e+06  0.274919
5.38451e+06  0.274919
5.41435e+06  0.274919
5.44436e+06  0.274919
5.47454e+06  0.274919
5.50488e+06  0.274919
5.5354e+06  0.274919
5.56608e+06  0.274919
5.59693e+06  0.274919
5.62795e+06  0.274919
5.65914e+06  0.274919
5.69051e+06  0.274919
5.72205e+06  0.274919
5.75376e+06  0.274919
5.78565e+06  0.274919
5.81772e+06  0.274919
5.84997e+06  0.274919
5.88239e+06  0.274919
5.915e+06  0.274919
5.94778e+06  0.274919
5.98075e+06  0.274919
6.01389e+06  0.274919
6.04723e+06  0.274919
6.08074e+06  0.274919
6.11445e+06  0.274919
6.14834e+06  0.274919
6.18242e+06  0.274919
6.21668e+06  0.274919
6.25114e+06  0.274919
6.28579e+06  0.274919
6.32063e+06  0.274919
6.35566e+06  0.274919
6.39089e+06  0.274919
6.42631e+06  0.274919
6.46193e+06  0.274919
6.49774e+06  0.274919
6.53376e+06  0.274919
6.56997e+06  0.274919
6.60639e+06  0.274919
6.643e+06  0.274919
6.67982e+06  0.274919
6.71685e+06  0.274919
6.75408e+06  0.274919
6.79151e+06  0.274919
6.82915e+06  0.274919
6.867e+06  0.274919
6.90507e+06  0.274919
6.94334e+06  0.274919
6.98182e+06  0.274919
7.02052e+06  0.274919
7.05943e+06  0.274919
7.09856e+06  0.274919
7.1379e+06  0.274919
7.17747e+06  0.274919
7.21725e+06  0.274919
7.25725e+06  0.274919
7.29748e+06  0.274919
7.33792e+06  0.274919
7.37859e+06  0.274919
7.41949e+06  0.274919
7.46061e+06  0.274919
7.50197e+06  0.274919
7.54355e+06  0.274919
7.58536e+06  0.274919
7.6274e+06  0.274919
7.66967e+06  0.274919
7.71218e+06  0.274919
7.75493e+06  0.274919
7.79791e+06  0.274919
7.84113e+06  0.274919
7.88459e+06  0.274919
7.9283e+06  0.274919
7.97224e+06  0.274919
8.01643e+06  0.274919
8.06086e+06  0.274919
8.10554e+06  0.274919
8.15046e+06  0.274919
8.19564e+06  0.274919
8.24106e+06  0.274919
8.28674e+06  0.274919
8.33267e+06  0.274919
8.37885e+06  0.274919
8.4253e+06  0.274919
8.47199e+06  0.274919
8.51895e+06  0.274919
8.56617e+06  0.274919
8.61365e+06  0.274919
8.66139e+06  0.274919
8.7094e+06  0.274919
8.75767e+06  0.274919
8.80621e+06  0.274919
8.85502e+06  0.274919
8.9041e+06  0.274919
8.95345e+06  0.274919
9.00308e+06  0.274919
9.05298e+06  0.274919
9.10315e+06  0.274919
9.15361e+06  0.274919
9.20434e+06  0.274919
9.25536e+06  0.274919
9.30666e+06  0.274919
9.35824e+06  0.274919
9.41011e+06  0.274919
9.46227e+06  0.274919
9.51471e+06  0.274919
9.56745e+06  0.274919
9.62048e+06  0.274919
9.6738e+06  0.274919
9.72742e+06  0.274919
9.78133e+06  0.274919
9.83555e+06  0.274919
9.89006e+06  0.274919
9.94488e+06  0.274919
1e+07  0.274919
