1e-05   2.4465  
1.25893e-05   2.74502  
1.58489e-05   3.07996  
1.99526e-05   3.45577  
2.51189e-05   3.87744  
3.16228e-05   4.35056  
3.98107e-05   4.88141  
5.01187e-05   5.47703  
6.30957e-05   6.14533  
7.94328e-05   6.89517  
0.0001   7.73651  
0.000125893   8.68051  
0.000158489   9.73969  
0.000199526   10.9281  
0.000251189   12.2615  
0.000316228   13.7577  
0.000398107   15.4364  
0.000501187   17.3199  
0.000630957   19.4332  
0.000794328   21.8045  
0.001   24.465  
0.00125893   27.2765  
0.00158489   30.7671  
0.00199526   34.5584  
0.00251189   38.7694  
0.00316228   43.4911  
0.00398107   48.8137  
0.00501187   54.7733  
0.00630957   61.4547  
0.00794328   68.9326  
0.01   77.356  
0.0125893   85.1915  
0.0158489   93.4687  
0.0199526   101.92  
0.0251189   110.259  
0.0316228   117.883  
0.0398107   123.924  
0.0501187   127.471  
0.0630957   127.649  
0.0794328   124.165  
0.1   117.525  
0.125893   108.926  
0.158489   99.6639  
0.199526   90.5878  
0.251189   82.0806  
0.316228   74.1691  
0.398107   66.763  
0.501187   58.122  
0.630957   49.0933  
0.794328   41.1882  
1   34.2507  
1.25893   28.5547  
1.58489   23.8251  
1.99526   19.8586  
2.51189   16.5938  
3.16228   13.8042  
3.98107   11.4847  
5.01187   9.53577  
6.30957   7.90743  
7.94328   6.55966  
10   5.43248  
12.5893   4.49779  
15.8489   3.67646  
19.9526   3.0417  
25.1189   2.53406  
31.6228   2.1058  
39.8107   1.74908  
50.1187   1.45402  
63.0957   1.21079  
79.4328   1.01127  
100   0.848149  
125.893   0.715193  
158.489   0.607192  
199.526   0.519794  
251.189   0.449391  
316.228   0.393002  
398.107   0.348171  
501.187   0.312873  
630.957   0.285434  
794.328   0.264453  
1000   0.249358  
1258.93   0.238564  
1584.89   0.231188  
1995.26   0.226563  
2511.89   0.224102  
3162.28   0.223295  
3981.07   0.223705  
5011.87   0.224964  
6309.57   0.226771  
7943.28   0.228892  
10000   0.231145  
12589.3   0.233399  
15848.9   0.235561  
19952.6   0.237572  
25118.9   0.239395  
31622.8   0.241011  
39810.7   0.242415  
50118.7   0.24361  
63095.7   0.244606  
79432.8   0.245419  
100000   0.246065  
125893   0.246562  
158489   0.246932  
199526   0.247193  
251189   0.247366  
316228   0.24747  
398107   0.247524  
501187   0.247545  
630957   0.24755  
794328   0.247549  
1e+06   0.247549  
1.25893e+06   0.247549  
1.58489e+06   0.247549  
1.99526e+06   0.247549  
2.51189e+06   0.247549  
3.16228e+06   0.247549  
3.98107e+06   0.247549  
5.01187e+06   0.247549  
6.30957e+06   0.247549  
7.94328e+06   0.247549  
1e+07   0.247549  
