8.17494379726e-06  1e-05
9.17360386132e-06  1.25892541179e-05
1.02933785686e-05  1.58489319246e-05
1.15491113284e-05  1.99526231497e-05
1.29581359573e-05  2.51188643151e-05
1.45390407307e-05  3.16227766017e-05
1.63128612206e-05  3.98107170553e-05
1.83031143554e-05  5.01187233627e-05
2.05362174169e-05  6.3095734448e-05
2.30417993917e-05  7.94328234724e-05
2.5853108933e-05  0.0001
2.90074499975e-05  0.000125892541179
3.25466789227e-05  0.000158489319246
3.65177591072e-05  0.000199526231497
4.09733841855e-05  0.000251188643151
4.59726786953e-05  0.000316227766017
5.15819743546e-05  0.000398107170553
5.78757343722e-05  0.000501187233627
6.49373070456e-05  0.00063095734448
7.28612774143e-05  0.000794328234724
8.17481069028e-05  0.001
9.17563425064e-05  0.00125892541179
0.000102997613358  0.00158489319246
0.000115553774896  0.00199526231497
0.000129645981386  0.00251188643151
0.000145458551483  0.00316227766017
0.000163200323183  0.00398107170553
0.000183101845491  0.00501187233627
0.00020543103385  0.0063095734448
0.000230494102044  0.00794328234724
0.000258592539909  0.01
0.000290397588722  0.0125892541179
0.000326874326443  0.0158489319246
0.000368831997526  0.0199526231497
0.000417469718629  0.0251188643151
0.00047438656408  0.0316227766017
0.000541964020002  0.0398107170553
0.000623769928614  0.0501187233627
0.000725256121358  0.063095734448
0.000854781746956  0.0794328234724
0.00102488437895  0.1
0.00125379069473  0.125892541179
0.00156703750171  0.158489319246
0.00199972790029  0.199526231497
0.00260010655304  0.251188643151
0.003435562955  0.316227766017
0.00460067681002  0.398107170553
0.00625535876253  0.501187233627
0.00869184765252  0.63095734448
0.0123411813986  0.794328234724
0.0178406719515  1
0.0261658824193  1.25892541179
0.0387215356926  1.58489319246
0.0576825735509  1.99526231497
0.0862821220287  2.51188643151
0.129450251375  3.16227766017
0.194815734255  3.98107170553
0.293784333473  5.01187233627
0.44399835589  6.3095734448
0.671986302337  7.94328234724
1.01826808429  10
1.54458430677  12.5892541179
2.35006508033  15.8489319246
3.58579615537  19.9526231497
5.45550104599  25.1188643151
8.28469082859  31.6227766017
12.5728937615  39.8107170553
19.0697935786  50.1187233627
28.9006711698  63.095734448
43.7411072211  79.4328234724
66.0626264127  100
99.4755899467  125.892541179
149.185395897  158.489319246
222.58205993  199.526231497
329.968129796  251.188643151
485.410167711  316.227766017
707.672842092  398.107170553
1021.17634521  501.187233627
1456.90860067  630.95734448
2053.38767895  794.328234724
2856.49277589  1000
3920.25125756  1258.92541179
5310.59277695  1584.89319246
7105.93827885  1995.26231497
9400.80165623  2511.88643151
12310.0102073  3162.27766017
15974.8015917  3981.07170553
20570.4387301  5011.87233627
26315.9018564  6309.5734448
33485.9306472  7943.28234724
42426.0575414  10000
53571.3815711  12589.2541179
67470.1104643  15848.9319246
84813.1546429  19952.6231497
106471.401422  25118.8643151
133542.707836  31622.7766017
167411.170779  39810.7170553
209821.882269  50118.7233627
262975.19362  63095.734448
329645.534146  79432.8234724
413331.109175  100000
518442.401178  125892.541179
650539.395615  158489.319246
816629.948799  199526.231497
1025544.83475  251188.643151
1288408.91462  316227.766017
1619232.78392  398107.170553
2035655.46863  501187.233627
2559876.80433  630957.34448
3219829.08352  794328.234724
4050660.53547  1000000
5096615.71248  1258925.41179
6413395.69532  1584893.19246
8071123.75093  1995262.31497
10158079.9794  2511886.43151
12785402.3967  3162277.66017
16093005.5119  3981071.70553
20257031.251  5011872.33627
25499229.173  6309573.4448
32098765.4348  7943282.34724
40407089.4092  10000000
