1e-05  8.17494379726e-06
1.25892541179e-05  9.17360386132e-06
1.58489319246e-05  1.02933785686e-05
1.99526231497e-05  1.15491113284e-05
2.51188643151e-05  1.29581359573e-05
3.16227766017e-05  1.45390407307e-05
3.98107170553e-05  1.63128612206e-05
5.01187233627e-05  1.83031143554e-05
6.3095734448e-05  2.05362174169e-05
7.94328234724e-05  2.30417993917e-05
0.0001  2.5853108933e-05
0.000125892541179  2.90074499975e-05
0.000158489319246  3.25466789227e-05
0.000199526231497  3.65177591072e-05
0.000251188643151  4.09733841855e-05
0.000316227766017  4.59726786953e-05
0.000398107170553  5.15819743546e-05
0.000501187233627  5.78757343722e-05
0.00063095734448  6.49373070456e-05
0.000794328234724  7.28612774143e-05
0.001  8.17481069028e-05
0.00125892541179  9.17563425064e-05
0.00158489319246  0.000102997613358
0.00199526231497  0.000115553774896
0.00251188643151  0.000129645981386
0.00316227766017  0.000145458551483
0.00398107170553  0.000163200323183
0.00501187233627  0.000183101845491
0.0063095734448  0.00020543103385
0.00794328234724  0.000230494102044
0.01  0.000258592539909
0.0125892541179  0.000290397588722
0.0158489319246  0.000326874326443
0.0199526231497  0.000368831997526
0.0251188643151  0.000417469718629
0.0316227766017  0.00047438656408
0.0398107170553  0.000541964020002
0.0501187233627  0.000623769928614
0.063095734448  0.000725256121358
0.0794328234724  0.000854781746956
0.1  0.00102488437895
0.125892541179  0.00125379069473
0.158489319246  0.00156703750171
0.199526231497  0.00199972790029
0.251188643151  0.00260010655304
0.316227766017  0.003435562955
0.398107170553  0.00460067681002
0.501187233627  0.00625535876253
0.63095734448  0.00869184765252
0.794328234724  0.0123411813986
1  0.0178406719515
1.25892541179  0.0261658824193
1.58489319246  0.0387215356926
1.99526231497  0.0576825735509
2.51188643151  0.0862821220287
3.16227766017  0.129450251375
3.98107170553  0.194815734255
5.01187233627  0.293784333473
6.3095734448  0.44399835589
7.94328234724  0.671986302337
10  1.01826808429
12.5892541179  1.54458430677
15.8489319246  2.35006508033
19.9526231497  3.58579615537
25.1188643151  5.45550104599
31.6227766017  8.28469082859
39.8107170553  12.5728937615
50.1187233627  19.0697935786
63.095734448  28.9006711698
79.4328234724  43.7411072211
100  66.0626264127
125.892541179  99.4755899467
158.489319246  149.185395897
199.526231497  222.58205993
251.188643151  329.968129796
316.227766017  485.410167711
398.107170553  707.672842092
501.187233627  1021.17634521
630.95734448  1456.90860067
794.328234724  2053.38767895
1000  2856.49277589
1258.92541179  3920.25125756
1584.89319246  5310.59277695
1995.26231497  7105.93827885
2511.88643151  9400.80165623
3162.27766017  12310.0102073
3981.07170553  15974.8015917
5011.87233627  20570.4387301
6309.5734448  26315.9018564
7943.28234724  33485.9306472
10000  42426.0575414
12589.2541179  53571.3815711
15848.9319246  67470.1104643
19952.6231497  84813.1546429
25118.8643151  106471.401422
31622.7766017  133542.707836
39810.7170553  167411.170779
50118.7233627  209821.882269
63095.734448  262975.19362
79432.8234724  329645.534146
100000  413331.109175
125892.541179  518442.401178
158489.319246  650539.395615
199526.231497  816629.948799
251188.643151  1025544.83475
316227.766017  1288408.91462
398107.170553  1619232.78392
501187.233627  2035655.46863
630957.34448  2559876.80433
794328.234724  3219829.08352
1000000  4050660.53547
1258925.41179  5096615.71248
1584893.19246  6413395.69532
1995262.31497  8071123.75093
2511886.43151  10158079.9794
3162277.66017  12785402.3967
3981071.70553  16093005.5119
5011872.33627  20257031.251
6309573.4448  25499229.173
7943282.34724  32098765.4348
10000000  40407089.4092
